2 0.28046875 0.75390625 0.265625 0.1609375
1 0.03828125 0.675 0.0765625 0.075
0 0.07578125 0.95 0.1515625 0.1
0 0.2265625 0.959375 0.10625 0.08125
4 0.51953125 0.5296875 0.1375 0.2921875
4 0.3890625 0.278125 0.1078125 0.2171875
4 0.6453125 0.259375 0.10625 0.215625
4 0.509375 0.315625 0.071875 0.1546875
4 0.2328125 0.47578125 0.3328125 0.09375
3 0.27109375 0.3515625 0.1296875 0.078125
2 0.14609375 0.4125 0.1015625 0.071875
2 0.03828125 0.471875 0.0765625 0.06875
6 0.5375 0.26484375 0.08125 0.190625