0 0.5109375 0.5890625 0.2765625 0.0859375
0 0.5015625 0.65625 0.25625 0.0390625
0 0.371875 0.4890625 0.209375 0.0890625
1 0.34453125 0.40625 0.1265625 0.075
1 0.5640625 0.33984375 0.0640625 0.0671875
1 0.7578125 0.321875 0.065625 0.0765625
1 0.42734375 0.196875 0.0515625 0.0453125
0 0.50078125 0.196875 0.059375 0.0984375
2 0.1265625 0.1296875 0.11875 0.053125
2 0.12265625 0.27109375 0.0703125 0.06875
4 0.040625 0.1203125 0.08125 0.14375
4 0.459375 0.0375 0.0640625 0.075
3 0.24140625 0.1671875 0.1546875 0.090625
4 0.296875 0.18828125 0.2046875 0.1625
4 0.2421875 0.30390625 0.43125 0.1984375
2 0.53671875 0.35078125 0.1375 0.1390625