4 0.55625 0.69140625 0.09453125 0.1890625
4 0.65625 0.225 0.2515625 0.25078125
1 0.446875 0.490625 0.0890625 0.09296875
1 0.23203125 0.38046875 0.10078125 0.06015625
1 0.2875 0.09609375 0.07890625 0.034375
1 0.50625 0.28515625 0.0765625 0.06328125
0 0.18359375 0.33203125 0.15 0.103125
0 0.59296875 0.11171875 0.1296875 0.09921875
0 0.6296875 0.10703125 0.0859375 0.10703125
0 0.55625 0.20859375 0.03671875 0.10703125
2 0.17890625 0.81171875 0.13203125 0.1359375
2 0.65 0.5703125 0.08359375 0.1359375
2 0.378125 0.1984375 0.15546875 0.12265625
1 0.3671875 0.16796875 0.0609375 0.0515625
3 0.22421875 0.59765625 0.17734375 0.21796875