4 0.46015625 0.5828125 0.146875 0.37890625
4 0.36640625 0.40625 0.13046875 0.4453125
4 0.634375 0.3984375 0.1359375 0.12578125
3 0.54609375 0.63125 0.0765625 0.26796875
2 0.68828125 0.58359375 0.10625 0.15390625
2 0.253125 0.5578125 0.103125 0.20078125
1 0.2015625 0.71015625 0.03828125 0.09296875
1 0.28671875 0.37265625 0.03125 0.11484375
1 0.40546875 0.6859375 0.05625 0.12109375
1 0.45546875 0.38828125 0.065625 0.115625
0 0.2390625 0.325 0.0875 0.090625
0 0.153125 0.31796875 0.05546875 0.175
0 0.14140625 0.26953125 0.059375 0.12890625
0 0.3828125 0.76328125 0.09453125 0.165625
2 0.4703125 0.34921875 0.075 0.13515625
1 0.2328125 0.5671875 0.05 0.071875