3 0.53671875 0.3265625 0.14609375 0.3765625
3 0.33046875 0.66640625 0.13984375 0.2546875
1 0.35234375 0.43359375 0.09609375 0.1421875
1 0.43828125 0.4546875 0.07265625 0.19375
1 0.54296875 0.54609375 0.13359375 0.08671875
1 0.45625 0.6375 0.1234375 0.06171875
1 0.584375 0.90078125 0.0796875 0.11796875
1 0.7015625 0.878125 0.11953125 0.071875
1 0.75 0.78359375 0.04453125 0.12734375
2 0.778125 0.61328125 0.178125 0.178125
5 0.5578125 0.73828125 0.215625 0.23671875
5 0.759375 0.36953125 0.34296875 0.3796875
4 0.4390625 0.84765625 0.09453125 0.290625
6 0.20625 0.32109374999999996 0.36328125 0.159375
