4 0.15859374999999998 0.27578125 0.190625 0.2265625
4 0.94765625 0.15234375 0.1046875 0.1609375
3 0.74296875 0.03359375 0.1890625 0.0671875
0 0.66875 0.2375 0.2296875 0.05
0 0.41640625 0.30234375 0.215625 0.09375
0 0.47968750000000004 0.40859375 0.25 0.0359375
0 0.50546875 0.546875 0.175 0.153125
0 0.34609375 0.6078125 0.159375 0.1953125
0 0.47343749999999996 0.83125 0.3484375 0.15625
3 0.7484375 0.3515625 0.2640625 0.1296875
1 0.528125 0.36015625 0.14375 0.065625
1 0.7390625 0.62890625 0.128125 0.109375
1 0.840625 0.7015625 0.0875 0.1375
1 0.6515625 0.7390625 0.134375 0.1046875
1 0.7171875 0.80859375 0.146875 0.1484375
1 0.51015625 0.64765625 0.1390625 0.1140625
1 0.30937499999999996 0.46484375 0.071875 0.0859375
2 0.62109375 0.484375 0.13125 0.1109375
