0 0.53984375 0.38984375000000004 0.1640625 0.1875
0 0.62734375 0.38046875 0.1265625 0.1984375
0 0.4234375 0.53515625 0.078125 0.1828125
1 0.3359375 0.58046875 0.1109375 0.09375
1 0.16015625 0.30000000000000004 0.096875 0.0421875
1 0.20546875 0.42421875 0.084375 0.05
1 0.0546875 0.57734375 0.046875 0.034375
0 0.059375 0.52578125 0.1171875 0.05625
2 0.23515625 0.44296875 0.1734375 0.1171875
4 0.215625 0.69609375 0.315625 0.3234375
4 0.096875 0.6921875 0.19375 0.146875
3 0.0515625 0.74921875 0.103125 0.1140625
2 0.19375 0.7984375 0.1015625 0.06875
2 0.03203125 0.840625 0.0640625 0.096875
4 0.0609375 0.9171875 0.121875 0.10625
