4 0.90234375 0.3140625 0.1671875 0.27265625
4 0.21250000000000002 0.265625 0.11796875 0.3171875
6 0.48906249999999996 0.25 0.3765625 0.13125
4 0.759375 0.303125 0.27265625 0.35703125
5 0.24375000000000002 0.63359375 0.39765625 0.146875
5 0.38984375000000004 0.16796875 0.23828125 0.06015625
2 0.70390625 0.72265625 0.15859375 0.184375
1 0.7421875 0.528125 0.221875 0.0671875
1 0.48671875 0.50546875 0.1125 0.1296875
1 0.43046874999999996 0.69609375 0.2046875 0.115625
1 0.23906249999999996 0.5453125 0.1546875 0.06171875
1 0.10703125000000002 0.4609375 0.06171875 0.10625
1 0.40625 0.39140625 0.146875 0.0625
1 0.30156249999999996 0.37421875 0.05703125 0.12421875
