0 0.5890625 0.48906249999999996 0.0859375 0.2765625
0 0.65625 0.4984375 0.0390625 0.25625
0 0.4890625 0.628125 0.0890625 0.209375
1 0.40625 0.65546875 0.075 0.1265625
1 0.33984375 0.4359375 0.0671875 0.0640625
1 0.321875 0.2421875 0.0765625 0.065625
1 0.196875 0.57265625 0.0453125 0.0515625
0 0.196875 0.49921875000000004 0.0984375 0.059375
2 0.1296875 0.8734375 0.053125 0.11875
2 0.27109375 0.87734375 0.06875 0.0703125
4 0.1203125 0.959375 0.14375 0.08125
4 0.0375 0.540625 0.075 0.0640625
3 0.1671875 0.75859375 0.090625 0.1546875
4 0.18828125 0.703125 0.1625 0.2046875
4 0.30390625 0.7578125 0.1984375 0.43125
2 0.35078125 0.46328125 0.1390625 0.1375
