2 0.5734375 0.5828125 0.16796875 0.27421875
2 0.4640625 0.42109375 0.0734375 0.1359375
2 0.82109375 0.0625 0.10625 0.075
4 0.396875 0.159375 0.16953125 0.30546875
4 0.06875 0.1375 0.1375 0.275
6 0.7921875 0.5828125 0.1546875 0.31875
3 0.35546875 0.56328125 0.2140625 0.14765625
3 0.68515625 0.1421875 0.10625 0.178125
0 0.6390625 0.2703125 0.1578125 0.1
0 0.85625 0.3046875 0.1875 0.04453125
0 0.86875 0.17265625 0.17109375 0.08125
0 0.9 0.06875 0.15078125 0.08828125
1 0.80546875 0.20234375 0.1015625 0.03828125
1 0.93984375 0.015625 0.1 0.03125
1 0.98671875 0.18359375 0.0265625 0.1015625
0 0.9765625 0.06953125 0.046875 0.09609375