2 0.0609375 0.9015625 0.121875 0.075
0 0.17734375 0.8421875 0.09375 0.0578125
0 0.1078125 0.96328125 0.134375 0.0453125
1 0.1484375 0.9375 0.0640625 0.0515625
1 0.3265625 0.93515625 0.0921875 0.040625
0 0.41875 0.44296875 0.09375 0.0828125
0 0.6453125 0.51953125 0.078125 0.0484375
1 0.43125 0.6015625 0.0765625 0.046875
4 0.55625 0.54765625 0.228125 0.4328125
4 0.5125 0.81015625 0.146875 0.353125
4 0.43671875 0.8421875 0.075 0.253125
4 0.45625 0.96796875 0.06875 0.0640625
4 0.5828125 0.96953125 0.0625 0.0609375
6 0.63671875 0.87109375 0.153125 0.2484375
3 0.3765625 0.89140625 0.0640625 0.0375
1 0.24609375 0.86171875 0.08125 0.0484375
2 0.36640625 0.98125 0.090625 0.0375
4 0.16640625 0.978125 0.2046875 0.04375
