4 0.803125 0.25234375 0.128125 0.259375
4 0.940625 0.8640625 0.11875 0.1890625
4 0.09999999999999998 0.42734375 0.2 0.353125
4 0.4234375 0.16796875 0.0984375 0.3359375
4 0.66796875 0.1640625 0.1234375 0.328125
4 0.56796875 0.4984375 0.0890625 0.2390625
3 0.815625 0.79453125 0.19375 0.1953125
0 0.959375 0.6453125 0.08125 0.2625
0 0.71640625 0.59296875 0.0625 0.2109375
0 0.50078125 0.3546875 0.0890625 0.1546875
0 0.296875 0.403125 0.040625 0.09375
1 0.58984375 0.88984375 0.075 0.171875
1 0.63203125 0.7875 0.0859375 0.16875
1 0.78046875 0.4640625 0.0453125 0.103125
1 0.6875 0.3984375 0.1046875 0.0546875
1 0.55703125 0.36953125 0.0359375 0.1125
1 0.4140625 0.3890625 0.0375 0.11875
2 0.5953125 0.328125 0.0671875 0.1234375
2 0.85859375 0.53203125 0.084375 0.1359375
