3 0.08046875 0.18359375 0.090625 0.134375
3 0.38515625 0.3265625 0.1515625 0.125
0 0.5109375 0.65234375 0.1359375 0.159375
0 0.2515625 0.51015625 0.046875 0.184375
0 0.26875 0.315625 0.06875 0.1328125
0 0.746875 0.34765625 0.1390625 0.1296875
0 0.3671875 0.49921875 0.071875 0.1734375
0 0.44140625 0.50546875 0.090625 0.159375
4 0.3359375 0.1109375 0.2171875 0.0875
4 0.18828125 0.634375 0.1578125 0.23125
1 0.36953125 0.6421875 0.0953125 0.04375
1 0.33515625 0.45 0.0296875 0.0921875
1 0.57421875 0.56015625 0.08125 0.11875
1 0.596875 0.41796875 0.0625 0.1046875
1 0.66015625 0.38828125 0.0875 0.0734375
1 0.6625 0.50234375 0.065625 0.103125
1 0.715625 0.48125 0.0875 0.1015625
0 0.6953125 0.6390625 0.1390625 0.203125
2 0.46015625 0.44140625 0.0625 0.115625