4 0.8671875 0.2296875 0.265625 0.134375
4 0.8296875 0.31171875 0.340625 0.2171875
6 0.58828125 0.4765625 0.3890625 0.3078125
2 0.37812500000000004 0.7375 0.1828125 0.2
4 0.29140625 0.546875 0.2125 0.4390625
4 0.15312499999999996 0.5109375 0.2 0.3
3 0.14375000000000004 0.44609375 0.2671875 0.203125
1 0.0703125 0.4390625 0.13125 0.0703125
1 0.32578125 0.25390625 0.1875 0.065625
1 0.15390625000000002 0.203125 0.1546875 0.0859375
1 0.11562499999999998 0.18125 0.1125 0.046875
1 0.2109375 0.1125 0.1359375 0.0453125
0 0.06874999999999998 0.284375 0.1375 0.065625
0 0.37812500000000004 0.2 0.2390625 0.0640625
