5 0.7265625 0.7671875 0.403125 0.36015625
5 0.44921875 0.39453125 0.3328125 0.24765625
2 0.77109375 0.5734375 0.2421875 0.1734375
3 0.509375 0.75390625 0.14375 0.28359375
3 0.20859375 0.4453125 0.13828125 0.22109375
6 0.1703125 0.7484375 0.340625 0.13125
1 0.2734375 0.653125 0.12109375 0.11015625
1 0.35859375 0.64609375 0.11484375 0.13359375
1 0.4734375 0.58828125 0.18125 0.05390625
1 0.34296875 0.48984375 0.16015625 0.06875
1 0.73828125 0.3671875 0.0828125 0.14296875
1 0.66015625 0.23828125 0.1921875 0.11796875
1 0.4734375 0.17500000000000004 0.11328125 0.16171875
4 0.24609375 0.26328125 0.11015625 0.34453125
