2 0.2953125 0.1828125 0.2015625 0.196875
1 0.3765625 0.31328125 0.0859375 0.1359375
1 0.23359375000000004 0.36484375 0.1375 0.0671875
1 0.67421875 0.3875 0.046875 0.078125
0 0.6515625 0.18515625 0.0453125 0.15625
0 0.39609375 0.44609375 0.1375 0.0703125
0 0.49609375 0.43203125 0.1109375 0.0609375
0 0.31328124999999996 0.55234375 0.140625 0.1828125
0 0.62578125 0.5671875 0.0671875 0.0734375
0 0.68359375 0.5140625 0.059375 0.121875
2 0.64375 0.42578125 0.040625 0.096875
2 0.6609375 0.51796875 0.0609375 0.09375
4 0.80625 0.2984375 0.2234375 0.0875
4 0.82578125 0.3890625 0.290625 0.0859375
4 0.83359375 0.43671875 0.20625 0.03125
6 0.57734375 0.309375 0.2765625 0.146875
