1 0.26328125 0.275 0.13046875 0.11484375
1 0.575 0.23125 0.06796875 0.11484375
1 0.434375 0.0625 0.146875 0.04609375
0 0.42890625 0.01796875 0.203125 0.0359375
1 0.17734375 0.034375 0.0625 0.06796875
2 0.19765625 0.0703125 0.22265625 0.140625
0 0.1421875 0.28125 0.1046875 0.1703125
3 0.48203125 0.42734375 0.14453125 0.2265625
2 0.659375 0.5515625 0.2109375 0.11640625
4 0.08203125 0.6390625 0.1640625 0.165625
6 0.17890625 0.89765625 0.32109375 0.2046875
4 0.89375 0.26328125 0.2125 0.1765625
4 0.91328125 0.41640625 0.17265625 0.15078125
2 0.7875 0.17578125 0.1484375 0.10234375
4 0.5671875 0.05625 0.1625 0.1125