4 0.06328125 0.5015625 0.1265625 0.42578125
4 0.371875 0.41953125 0.11796875 0.271875
4 0.3765625 0.14609375 0.1015625 0.2921875
4 0.5203125 0.3484375 0.07265625 0.27734375
4 0.56328125 0.37265625 0.25703125 0.103125
6 0.51484375 0.2765625 0.2109375 0.1234375
2 0.5359375 0.21953125 0.1296875 0.07578125
1 0.5046875 0.10390625 0.03359375 0.0625
1 0.76875 0.3421875 0.103125 0.04375
1 0.6828125 0.28828125 0.05546875 0.0640625
1 0.809375 0.26953125 0.09140625 0.0390625
1 0.8890625 0.29609375 0.07421875 0.07265625
1 0.8640625 0.3625 0.03359375 0.07578125
4 0.8703125 0.46171875 0.1265625 0.275
2 0.76484375 0.43359375 0.10625 0.103125
2 0.66484375 0.571875 0.11484375 0.11015625
3 0.55078125 0.73125 0.1828125 0.2125
0 0.75234375 0.12578125 0.0609375 0.07578125
0 0.73125 0.146875 0.01875 0.07734375
0 0.66328125 0.14140625 0.11484375 0.065625
0 0.63984375 0.12890625 0.084375 0.0640625
0 0.5890625 0.13125 0.07578125 0.0578125
0 0.55546875 0.10390625 0.0421875 0.0625