1 0.26953125 0.33984375 0.18203125 0.10625
1 0.45703125 0.33828125 0.1078125 0.11484375
1 0.51796875 0.33671875 0.07734375 0.084375
1 0.41875 0.61796875 0.14921875 0.1046875
0 0.5375 0.48203125 0.21015625 0.15625
0 0.2484375 0.26328125 0.271875 0.07890625
0 0.9046875 0.5765625 0.1796875 0.153125
1 0.475 0.24375 0.12421875 0.07578125
3 0.35546875 0.5796875 0.25703125 0.24453125
4 0.2125 0.6296875 0.25390625 0.31328125
4 0.12265625 0.6203125 0.24453125 0.4390625
2 0.7015625 0.840625 0.21015625 0.11875
0 0.84609375 0.825 0.16875 0.2375
2 0.88046875 0.4171875 0.2390625 0.18359375