4 0.559375 0.8484375 0.12734375 0.303125
4 0.31953125 0.434375 0.13125 0.378125
4 0.50078125 0.6671875 0.26328125 0.13359375
4 0.609375 0.503125 0.0515625 0.253125
4 0.5421875 0.52578125 0.11953125 0.22109375
6 0.46484375 0.51171875 0.1015625 0.196875
2 0.4015625 0.47421875 0.1078125 0.115625
0 0.40625 0.36171875 0.05390625 0.08359375
0 0.44921875 0.33828125 0.07578125 0.05546875
0 0.43046875 0.30703125 0.0953125 0.0359375
0 0.36953125 0.3609375 0.028125 0.0796875
0 0.26328125 0.38515625 0.05546875 0.0296875
1 0.24296875 0.42734375 0.059375 0.0578125
2 0.753125 0.5640625 0.065625 0.10390625
2 0.70234375 0.45625 0.08984375 0.06796875
1 0.6859375 0.38125 0.059375 0.059375
1 0.6453125 0.33828125 0.06953125 0.02578125
1 0.58359375 0.3625 0.04609375 0.059375
1 0.54375 0.42421875 0.06171875 0.02578125
1 0.640625 0.41015625 0.0375 0.0515625
3 0.82890625 0.68125 0.1390625 0.165625
4 0.8109375 0.3890625 0.065625 0.2328125