1 0.36250000000000004 0.21953125 0.0671875 0.0875
1 0.61328125 0.178125 0.0609375 0.053125
1 0.50703125 0.203125 0.040625 0.065625
1 0.70390625 0.29765625 0.046875 0.0828125
1 0.59140625 0.38515625 0.05 0.0796875
0 0.55078125 0.40625 0.0609375 0.128125
0 0.5890625 0.10703125 0.1046875 0.09375
0 0.51640625 0.01484375 0.1390625 0.0296875
0 0.4703125 0.9375 0.103125 0.125
0 0.53203125 0.85 0.115625 0.0765625
1 0.44765625 0.8703125 0.0625 0.096875
4 0.675 0.76953125 0.2859375 0.1265625
4 0.67578125 0.628125 0.21875 0.0546875
4 0.8984375 0.3859375 0.203125 0.0703125
4 0.85703125 0.3125 0.1640625 0.0625
4 0.6625 0.096875 0.121875 0.19375
2 0.75859375 0.48671875 0.078125 0.0796875
2 0.76796875 0.228125 0.0765625 0.0640625
3 0.68828125 0.43828125 0.0703125 0.13125
2 0.5125 0.20703125 0.096875 0.15
