3 0.35234375 0.31796875 0.203125 0.1671875
0 0.52109375 0.75390625 0.18203125 0.21328125
0 0.1734375 0.5640625 0.0625 0.246875
0 0.196875 0.303125 0.0921875 0.178125
0 0.83671875 0.34609375 0.1859375 0.1734375
0 0.328125 0.54921875 0.09609375 0.23203125
0 0.428125 0.5578125 0.12109375 0.21328125
4 0.2859375 0.04375 0.290625 0.0875
4 0.09765625 0.73046875 0.19453125 0.309375
1 0.33125 0.740625 0.12734375 0.05859375
1 0.2859375 0.48359375 0.03984375 0.1234375
1 0.60546875 0.63046875 0.10859375 0.159375
1 0.6359375 0.440625 0.08359375 0.13984375
1 0.72109375 0.40078125 0.1171875 0.0984375
1 0.72421875 0.553125 0.0875 0.13828125
1 0.7953125 0.525 0.1171875 0.1359375
0 0.76796875 0.73671875 0.1859375 0.271875
2 0.453125 0.471875 0.08359375 0.1546875