1 0.84765625 0.3375 0.053125 0.0953125
1 0.94140625 0.26328125 0.075 0.075
1 0.83203125 0.19921875 0.078125 0.084375
1 0.74453125 0.26953125 0.059375 0.0890625
1 0.790625 0.42265625 0.08125 0.0546875
2 0.70703125 0.59375 0.153125 0.1609375
0 0.55859375 0.33203125 0.153125 0.128125
0 0.50078125 0.40078125 0.1984375 0.1359375
0 0.38984375000000004 0.33984375 0.1734375 0.0953125
0 0.44062500000000004 0.48515625 0.171875 0.0890625
0 0.4046875 0.55078125 0.19375 0.078125
0 0.4125 0.625 0.2109375 0.040625
1 0.42421875 0.7125 0.1375 0.0625
4 0.8875 0.75 0.225 0.1375
