4 0.065625 0.44296875 0.13125 0.2140625
4 0.178125 0.5125 0.1296875 0.1609375
4 0.71796875 0.634375 0.39375 0.2390625
4 0.3375 0.2546875 0.078125 0.134375
4 0.315625 0.1875 0.0765625 0.1703125
4 0.39296875 0.11875 0.06875 0.1578125
1 0.38203125 0.22734375 0.046875 0.028125
1 0.47109375 0.403125 0.0578125 0.046875
1 0.4015625 0.50703125 0.0921875 0.0609375
1 0.61328125 0.52109375 0.0515625 0.0453125
1 0.74609375 0.39140625 0.0609375 0.059375
1 0.68203125 0.434375 0.0625 0.0421875
0 0.709375 0.5546875 0.140625 0.040625
0 0.909375 0.615625 0.1265625 0.0890625
0 0.859375 0.5765625 0.109375 0.0984375
2 0.67265625 0.453125 0.1609375 0.0984375
0 0.50859375 0.38203125 0.1015625 0.0640625
3 0.3203125 0.425 0.1515625 0.0734375
2 0.18828125 0.415625 0.0875 0.06875
6 0.240625 0.23046875 0.109375 0.1640625
2 0.325 0.62734375 0.14375 0.0796875