0 0.43046874999999996 0.6078125 0.084375 0.2171875
0 0.36015624999999996 0.5359375 0.1609375 0.2140625
0 0.26093750000000004 0.67421875 0.2109375 0.075
0 0.56484375 0.1046875 0.09375 0.096875
1 0.58984375 0.38984375 0.0828125 0.053125
1 0.69375 0.4703125 0.0703125 0.1203125
1 0.63828125 0.6046875 0.096875 0.1375
1 0.775 0.66796875 0.1171875 0.1078125
1 0.83203125 0.53046875 0.0421875 0.1140625
4 0.93515625 0.36640625 0.1296875 0.1890625
2 0.84453125 0.37578125 0.0578125 0.1265625
2 0.85 0.2453125 0.0625 0.103125
3 0.8625 0.146875 0.14375 0.0921875
4 0.7359375 0.1984375 0.1640625 0.2796875
4 0.80078125 0.040625 0.0921875 0.08125
4 0.45781249999999996 0.05703125 0.0859375 0.1140625
2 0.42421875 0.23046875 0.103125 0.1765625
