1 0.1421875 0.51015625 0.06875 0.10078125
1 0.4515625 0.34453125 0.078125 0.07421875
1 0.39765625 0.64140625 0.0625 0.1421875
1 0.60625 0.446875 0.03125 0.1078125
1 0.28828125 0.41796875 0.03671875 0.07109375
2 0.31015625 0.4328125 0.1171875 0.16796875
2 0.78828125 0.753125 0.15078125 0.12421875
2 0.6359375 0.43203125 0.06171875 0.1265625
0 0.31796875 0.6921875 0.05078125 0.21953125
0 0.353125 0.2375 0.125 0.10859375
0 0.4296875 0.29140625 0.11640625 0.03828125
0 0.37109375 0.21484375 0.11484375 0.04140625
3 0.61953125 0.715625 0.12421875 0.2859375
4 0.5171875 0.596875 0.15546875 0.396875
4 0.51171875 0.40546875 0.30078125 0.30703125
4 0.85 0.484375 0.13671875 0.315625