4 0.72734375 0.15859375 0.08125 0.1671875
6 0.7125 0.30703125 0.1015625 0.2296875
4 0.86015625 0.31953125 0.1171875 0.1765625
4 0.81015625 0.53515625 0.1375 0.2828125
4 0.32890624999999996 0.42265625 0.1171875 0.35
4 0.6859375 0.6515625 0.0859375 0.2109375
4 0.59921875 0.39453125 0.071875 0.203125
1 0.46640625 0.4078125 0.0765625 0.046875
1 0.48671875 0.44609375 0.08125 0.040625
1 0.5859375 0.6515625 0.0765625 0.075
1 0.65703125 0.6171875 0.05 0.0859375
1 0.73828125 0.4484375 0.0796875 0.05625
1 0.71640625 0.53203125 0.0875 0.0578125
0 0.7703125 0.38515625 0.0765625 0.0609375
0 0.775 0.4296875 0.0671875 0.04375
0 0.73984375 0.50390625 0.1 0.03125
0 0.53984375 0.55625 0.090625 0.1078125
0 0.303125 0.56875 0.065625 0.103125
0 0.41718750000000004 0.6828125 0.1375 0.1390625
3 0.43359375 0.54453125 0.0546875 0.1390625
2 0.73125 0.56796875 0.0671875 0.0765625
2 0.28046875000000004 0.4625 0.1125 0.134375
