6 0.60703125 0.4171875 0.21484375 0.4046875
2 0.37265625 0.453125 0.2953125 0.2
2 0.28203125 0.3171875 0.128125 0.1203125
2 0.9296875 0.12109375 0.13984375 0.0484375
3 0.12421875 0.390625 0.2484375 0.13515625
3 0.71015625 0.1640625 0.1203125 0.1453125
0 0.6 0.24140625 0.196875 0.09140625
0 0.8828125 0.29609375 0.234375 0.0515625
0 0.9375 0.20703125 0.125 0.08671875
4 0.303125 0.12265625 0.31015625 0.203125
1 0.87890625 0.21953125 0.16171875 0.0515625
1 0.94609375 0.01953125 0.1078125 0.0390625
1 0.95 0.05546875 0.1 0.03515625