0 0.46015625000000004 0.61015625 0.1640625 0.1875
0 0.37265625 0.61953125 0.1265625 0.1984375
0 0.5765625 0.46484375 0.078125 0.1828125
1 0.6640625 0.41953125 0.1109375 0.09375
1 0.83984375 0.7 0.096875 0.0421875
1 0.79453125 0.57578125 0.084375 0.05
1 0.9453125 0.42265625 0.046875 0.034375
0 0.940625 0.47421875 0.1171875 0.05625
2 0.76484375 0.55703125 0.1734375 0.1171875
4 0.784375 0.30390625 0.315625 0.3234375
4 0.903125 0.3078125 0.19375 0.146875
3 0.9484375 0.25078125 0.103125 0.1140625
2 0.80625 0.2015625 0.1015625 0.06875
2 0.96796875 0.159375 0.0640625 0.096875
4 0.9390625 0.0828125 0.121875 0.10625
