0 0.75625 0.78671875 0.11328125 0.290625
0 0.85078125 0.690625 0.215625 0.28671875
0 0.9203125 0.87421875 0.159375 0.10078125
0 0.5765625 0.11328125 0.12578125 0.1296875
1 0.54296875 0.49453125 0.1109375 0.07109375
1 0.40390625 0.60234375 0.09453125 0.1609375
1 0.478125 0.7828125 0.1296875 0.184375
1 0.2953125 0.8671875 0.15703125 0.14453125
1 0.21875 0.6828125 0.05625 0.15234375
4 0.08359375 0.46328125 0.1671875 0.253125
2 0.2015625 0.47578125 0.07734375 0.16953125
2 0.19453125 0.3015625 0.08359375 0.13828125
3 0.178125 0.16953125 0.1921875 0.1234375
4 0.34765625 0.23828125 0.21953125 0.37421875
4 0.26015625 0.040625 0.1234375 0.08125
4 0.71796875 0.0625 0.1140625 0.125
2 0.76484375 0.28125 0.13828125 0.23671875