4 0.321875 0.8046875 0.4828125 0.2109375
4 0.49765625 0.96015625 0.2203125 0.078125
6 0.08359375 0.77421875 0.1671875 0.125
4 0.040625 0.66015625 0.08125 0.0625
3 0.2625 0.6609375 0.1109375 0.1921875
1 0.42890625 0.51328125 0.115625 0.1453125
2 0.76953125 0.6421875 0.2203125 0.2109375
1 0.19765625 0.47109375 0.09375 0.0921875
0 0.14453125 0.43281250000000004 0.096875 0.1453125
1 0.12890625 0.13046875000000002 0.0828125 0.0859375
1 0.4421875 0.2109375 0.165625 0.0765625
2 0.35703125 0.15000000000000002 0.2125 0.271875
0 0.49140625 0.11875000000000002 0.240625 0.0859375
1 0.325 0.03671875000000002 0.0625 0.0734375
4 0.5859375 0.08046874999999998 0.378125 0.1609375
