0 0.55546875 0.45390625 0.5203125 0.1453125
3 0.2890625 0.309375 0.3078125 0.184375
2 0.71875 0.3109375 0.2640625 0.1234375
1 0.81640625 0.22109375 0.1890625 0.065625
1 0.86875 0.13125 0.1453125 0.0984375
2 0.9 0.0359375 0.2 0.071875
1 0.7703125 0.0359375 0.1078125 0.0421875
0 0.765625 0.01875 0.121875 0.0375
0 0.5484375 0.1953125 0.328125 0.0625
1 0.25234375 0.16640625 0.190625 0.084375
1 0.140625 0.15703125 0.1625 0.06875
4 0.49296874999999996 0.06015625 0.11875 0.1203125
4 0.12890625 0.2875 0.2578125 0.4078125
0 0.029687499999999978 0.50390625 0.059375 0.2125
