0 0.4953125 0.5953125 0.296875 0.0921875
0 0.48515625 0.66796875 0.275 0.0421875
0 0.3453125 0.48828125 0.225 0.0953125
1 0.31640625 0.39921875 0.1359375 0.08046875
1 0.55234375 0.328125 0.06875 0.071875
1 0.76015625 0.30859375 0.0703125 0.08203125
1 0.40546875 0.17421875 0.05546875 0.0484375
0 0.484375 0.17421875 0.0640625 0.10546875
2 0.08203125 0.10234375 0.12734375 0.05703125
2 0.078125 0.25390625 0.07578125 0.0734375
4 0.01640625 0.09140625 0.0328125 0.1546875
4 0.4390625 0.021875 0.06875 0.04375
3 0.20546875 0.14296875 0.16640625 0.09765625
4 0.26484375 0.165625 0.21953125 0.17421875
4 0.21875 0.28828125 0.4375 0.2140625
2 0.52265625 0.33984375 0.14765625 0.14921875