4 0.25234375 0.803125 0.259375 0.128125
4 0.8640625 0.940625 0.1890625 0.11875
4 0.42734375 0.09999999999999998 0.353125 0.2
4 0.16796875 0.4234375 0.3359375 0.0984375
4 0.1640625 0.66796875 0.328125 0.1234375
4 0.4984375 0.56796875 0.2390625 0.0890625
3 0.79453125 0.815625 0.1953125 0.19375
0 0.6453125 0.959375 0.2625 0.08125
0 0.59296875 0.71640625 0.2109375 0.0625
0 0.3546875 0.50078125 0.1546875 0.0890625
0 0.403125 0.296875 0.09375 0.040625
1 0.88984375 0.58984375 0.171875 0.075
1 0.7875 0.63203125 0.16875 0.0859375
1 0.4640625 0.78046875 0.103125 0.0453125
1 0.3984375 0.6875 0.0546875 0.1046875
1 0.36953125 0.55703125 0.1125 0.0359375
1 0.3890625 0.4140625 0.11875 0.0375
2 0.328125 0.5953125 0.1234375 0.0671875
2 0.53203125 0.85859375 0.1359375 0.084375
