1 0.6625 0.15234375 0.0953125 0.053125
1 0.73671875 0.05859375 0.075 0.075
1 0.80078125 0.16796875 0.084375 0.078125
1 0.73046875 0.25546875 0.0890625 0.059375
1 0.57734375 0.209375 0.0546875 0.08125
2 0.40625 0.29296875 0.1609375 0.153125
0 0.66796875 0.44140625 0.128125 0.153125
0 0.59921875 0.49921875 0.1359375 0.1984375
0 0.66015625 0.61015625 0.0953125 0.1734375
0 0.51484375 0.559375 0.0890625 0.171875
0 0.44921875 0.5953125 0.078125 0.19375
0 0.375 0.5875 0.040625 0.2109375
1 0.2875 0.57578125 0.0625 0.1375
4 0.25 0.1125 0.1375 0.225
