0 0.36953125 0.22890625 0.23125 0.059375
0 0.46953124999999996 0.38671875 0.1671875 0.1828125
0 0.59375 0.46640625 0.19375 0.121875
0 0.66328125 0.4625 0.1234375 0.1609375
0 0.63515625 0.52890625 0.16875 0.1515625
3 0.653125 0.471875 0.284375 0.0953125
1 0.53125 0.421875 0.053125 0.11875
1 0.29296875 0.27265625 0.0875 0.1015625
1 0.43203125 0.8984375 0.11875 0.09375
1 0.490625 0.896875 0.10625 0.0921875
1 0.53515625 0.946875 0.1421875 0.046875
1 0.6015625 0.9796875 0.078125 0.040625
1 0.69140625 0.953125 0.1140625 0.0671875
0 0.7125 0.828125 0.103125 0.1859375
2 0.61875 0.859375 0.1453125 0.115625
