0 0.41093749999999996 0.5109375 0.0859375 0.2765625
0 0.34375 0.5015625 0.0390625 0.25625
0 0.5109375 0.371875 0.0890625 0.209375
1 0.59375 0.34453125 0.075 0.1265625
1 0.66015625 0.5640625 0.0671875 0.0640625
1 0.678125 0.7578125 0.0765625 0.065625
1 0.803125 0.42734375 0.0453125 0.0515625
0 0.803125 0.50078125 0.0984375 0.059375
2 0.8703125 0.1265625 0.053125 0.11875
2 0.72890625 0.12265625 0.06875 0.0703125
4 0.8796875 0.040625 0.14375 0.08125
4 0.9625 0.459375 0.075 0.0640625
3 0.8328125 0.24140625 0.090625 0.1546875
4 0.81171875 0.296875 0.1625 0.2046875
4 0.69609375 0.2421875 0.1984375 0.43125
2 0.64921875 0.53671875 0.1390625 0.1375
