0 0.56484375 0.23046875 0.3484375 0.053125
0 0.60234375 0.7796875 0.3 0.0375
0 0.13984375 0.8625 0.225 0.1234375
0 0.26640625 0.765625 0.1609375 0.1953125
0 0.34921875 0.7140625 0.271875 0.078125
0 0.8234375 0.6 0.1203125 0.2828125
1 0.425 0.86640625 0.115625 0.0796875
1 0.16171875 0.7515625 0.1359375 0.09375
1 0.571875 0.64453125 0.1875 0.0703125
1 0.4421875 0.490625 0.175 0.0875
1 0.62265625 0.5078125 0.1828125 0.084375
1 0.66953125 0.43671875000000004 0.203125 0.0671875
1 0.48125 0.39296875 0.190625 0.075
2 0.28828125 0.6484375 0.1734375 0.1109375
3 0.053125 0.584375 0.10625 0.246875
