6 0.5796875 0.5671875 0.165625 0.296875
2 0.54140625 0.80234375 0.19375 0.1453125
4 0.728125 0.71875 0.3671875 0.3375
4 0.85 0.75625 0.2390625 0.2578125
4 0.53515625 0.38125 0.3390625 0.06875
4 0.5203125 0.28671875 0.25 0.2171875
4 0.34453125 0.06875 0.0875 0.1375
0 0.396875 0.13671875 0.090625 0.078125
0 0.3609375 0.178125 0.1625 0.0359375
0 0.9140625 0.4484375 0.171875 0.078125
1 0.934375 0.5078125 0.13125 0.0890625
3 0.90703125 0.7421875 0.1859375 0.184375
1 0.97265625 0.74453125 0.0546875 0.0640625