3 0.11796875 0.47890625 0.2359375 0.3546875
3 0.53203125 0.80234375 0.20078125 0.32421875
5 0.7234375 0.75390625 0.38671875 0.36953125
5 0.3375 0.35078125 0.38984375 0.30234375
6 0.2140625 0.91484375 0.3515625 0.1703125
1 0.28046875 0.7546875 0.146875 0.11953125
1 0.36015625 0.7234375 0.134375 0.175
1 0.44296875 0.61171875 0.17109375 0.1046875
1 0.26328125 0.0640625 0.06640625 0.128125
1 0.5046875 0.05546875 0.209375 0.1109375
1 0.62890625 0.2171875 0.11328125 0.2203125
1 0.278125 0.51328125 0.16640625 0.08828125
4 0.096875 0.25078125 0.19375 0.5015625
2 0.71640625 0.5140625 0.2296875 0.2046875