0 0.859375 0.74921875 0.2734375 0.2484375
0 0.08125 0.65390625 0.0953125 0.2671875
0 0.21484375 0.38984375000000004 0.1375 0.1828125
0 0.3296875 0.40234375 0.0421875 0.2
0 0.4109375 0.40078125 0.159375 0.1796875
0 0.5265625 0.24531250000000004 0.1609375 0.140625
0 0.74140625 0.26093750000000004 0.16875 0.1921875
4 0.25625 0.12734374999999998 0.146875 0.2546875
3 0.225 0.6875 0.1546875 0.2796875
1 0.390625 0.26171875 0.0765625 0.0453125
1 0.265625 0.4546875 0.0859375 0.1375
1 0.58828125 0.5421875 0.1140625 0.159375
1 0.58125 0.34609375 0.125 0.1359375
1 0.69375 0.43125 0.090625 0.1578125
1 0.76796875 0.46406250000000004 0.134375 0.15
1 0.67578125 0.61953125 0.159375 0.14375
2 0.40390625 0.46171874999999996 0.1140625 0.1640625
