3 0.52578125 0.715625 0.284375 0.20234375
3 0.78359375 0.37812500000000004 0.259375 0.16015625
5 0.74453125 0.22499999999999998 0.2953125 0.309375
5 0.421875 0.53359375 0.24140625 0.31171875
6 0.8921875 0.63203125 0.17109375 0.28125
1 0.7453125 0.5796875 0.0953125 0.1171875
1 0.71953125 0.51640625 0.13984375 0.10703125
1 0.63046875 0.44999999999999996 0.084375 0.13671875
1 0.1234375 0.59296875 0.24140625 0.053125
1 0.16796875 0.3984375 0.12578125 0.1671875
1 0.31484375 0.30078125 0.1765625 0.090625
1 0.5515625 0.58125 0.0703125 0.13359375
4 0.29296875 0.7671875 0.50078125 0.23671875
2 0.55234375 0.23046875 0.16328125 0.18359375
