6 0.5890625 0.39765625 0.2015625 0.3796875
2 0.36953125 0.43125 0.2765625 0.1875
2 0.284375 0.30390625 0.1203125 0.1125
2 0.90703125 0.1203125 0.1609375 0.0453125
3 0.1265625 0.37265625 0.253125 0.1265625
3 0.6859375 0.16015625 0.1125 0.1359375
0 0.5828125 0.2328125 0.184375 0.0859375
0 0.86953125 0.28359375 0.2609375 0.0484375
0 0.9203125 0.20078125 0.159375 0.08125
4 0.3046875 0.12109375 0.290625 0.190625
1 0.84453125 0.21171875 0.1515625 0.0484375
1 0.91796875 0.021875 0.1203125 0.04375
1 0.93203125 0.059375 0.1359375 0.0328125