0 0.03203125 0.61796875 0.0640625 0.1328125
0 0.03125 0.6359375 0.0625 0.14375
0 0.1 0.66875 0.2 0.12421875
0 0.215625 0.63984375 0.15 0.09609375
0 0.09140625 0.584375 0.14140625 0.121875
1 0.0328125 0.47890625 0.0578125 0.15390625
1 0.11171875 0.5046875 0.08203125 0.02578125
2 0.20234375 0.49140625 0.096875 0.0734375
2 0.22421875 0.509375 0.11328125 0.090625
2 0.434375 0.46015625 0.09375 0.07109375
4 0.32734375 0.440625 0.14609375 0.5125
4 0.23125 0.27890625 0.1 0.3671875
4 0.353125 0.2171875 0.11171875 0.43359375
4 0.55234375 0.2546875 0.10703125 0.509375
4 0.66171875 0.28515625 0.1125 0.56953125