0 0.6953125 0.29453125 0.20078125 0.05625
0 0.8546875 0.26875 0.071875 0.125
0 0.79765625 0.3109375 0.07890625 0.10390625
0 0.6765625 0.25703125 0.14609375 0.07578125
0 0.59453125 0.25546875 0.13359375 0.071875
0 0.56796875 0.203125 0.0421875 0.10546875
1 0.478125 0.196875 0.06484375 0.07578125
1 0.7296875 0.56953125 0.11953125 0.04921875
1 0.840625 0.62265625 0.07578125 0.084375
1 0.92109375 0.54609375 0.07578125 0.0859375
1 0.828125 0.490625 0.12890625 0.03515625
1 0.64609375 0.4953125 0.04921875 0.06484375
2 0.67578125 0.6765625 0.11796875 0.09140625
2 0.49609375 0.7890625 0.13203125 0.07734375
4 0.71953125 0.80390625 0.11640625 0.0828125
4 0.44375 0.58125 0.3609375 0.07890625
4 0.3484375 0.63828125 0.13046875 0.0859375
4 0.18671875 0.60390625 0.12109375 0.2484375
4 0.1875 0.334375 0.24453125 0.2359375
2 0.4671875 0.38125 0.18984375 0.07578125
6 0.40546875 0.47890625 0.32578125 0.0984375
3 0.3359375 0.89453125 0.2390625 0.1640625