4 0.065625 0.55703125 0.13125 0.2140625
4 0.178125 0.48750000000000004 0.1296875 0.1609375
4 0.71796875 0.365625 0.39375 0.2390625
4 0.3375 0.7453125 0.078125 0.134375
4 0.315625 0.8125 0.0765625 0.1703125
4 0.39296875 0.88125 0.06875 0.1578125
1 0.38203125 0.77265625 0.046875 0.028125
1 0.47109375 0.596875 0.0578125 0.046875
1 0.4015625 0.49296874999999996 0.0921875 0.0609375
1 0.61328125 0.47890625 0.0515625 0.0453125
1 0.74609375 0.60859375 0.0609375 0.059375
1 0.68203125 0.565625 0.0625 0.0421875
0 0.709375 0.4453125 0.140625 0.040625
0 0.909375 0.384375 0.1265625 0.0890625
0 0.859375 0.4234375 0.109375 0.0984375
2 0.67265625 0.546875 0.1609375 0.0984375
0 0.50859375 0.61796875 0.1015625 0.0640625
3 0.3203125 0.575 0.1515625 0.0734375
2 0.18828125 0.584375 0.0875 0.06875
6 0.240625 0.76953125 0.109375 0.1640625
2 0.325 0.37265625 0.14375 0.0796875
