4 0.25859375 0.53671875 0.10625 0.215625
4 0.29375 0.29296875 0.153125 0.26875
4 0.83203125 0.6453125 0.1515625 0.14375
4 0.4453125 0.5203125 0.075 0.15625
4 0.5015625 0.50078125 0.3265625 0.065625
2 0.58359375 0.678125 0.15 0.071875
3 0.428125 0.7984375 0.2546875 0.1734375
6 0.459375 0.42578125 0.265625 0.0671875
2 0.5046875 0.36953125 0.1796875 0.0625
1 0.48984375 0.27109375 0.0546875 0.053125
1 0.8265625 0.4359375 0.10625 0.0328125
1 0.9203125 0.47265625 0.0828125 0.0640625
1 0.8765625 0.5265625 0.0609375 0.06875
1 0.76015625 0.49609375 0.11875 0.0390625
1 0.671875 0.44765625 0.053125 0.040625
2 0.73515625 0.575 0.1109375 0.0703125
0 0.58359375 0.29609375 0.1046875 0.0546875
0 0.55078125 0.26953125 0.0546875 0.06875
0 0.76015625 0.328125 0.0265625 0.0734375
0 0.7984375 0.30859375 0.071875 0.06875
0 0.65 0.2984375 0.090625 0.0453125
0 0.68125 0.31328125 0.15625 0.05