6 0.5796875 0.43281250000000004 0.165625 0.296875
2 0.54140625 0.19765624999999998 0.19375 0.1453125
4 0.728125 0.28125 0.3671875 0.3375
4 0.85 0.24375000000000002 0.2390625 0.2578125
4 0.53515625 0.61875 0.3390625 0.06875
4 0.5203125 0.71328125 0.25 0.2171875
4 0.34453125 0.93125 0.0875 0.1375
0 0.396875 0.86328125 0.090625 0.078125
0 0.3609375 0.821875 0.1625 0.0359375
0 0.9140625 0.5515625 0.171875 0.078125
1 0.934375 0.4921875 0.13125 0.0890625
3 0.90703125 0.2578125 0.1859375 0.184375
1 0.97265625 0.25546875 0.0546875 0.0640625
