4 0.04921875 0.28046875 0.0984375 0.56015625
4 0.31640625 0.36875 0.24375 0.7375
2 0.10859375 0.2734375 0.1640625 0.2015625
1 0.121875 0.19375 0.1890625 0.13046875
0 0.0953125 0.1640625 0.1734375 0.053125
1 0.05546875 0.04921875 0.1109375 0.0828125
1 0.62421875 0.02265625 0.1625 0.0453125
0 0.5765625 0.21328125 0.16015625 0.21484375
1 0.53984375 0.43125 0.153125 0.1640625
2 0.74140625 0.41328125 0.2 0.253125
3 0.83359375 0.17421875 0.2359375 0.27578125
0 0.95703125 0.44609375 0.0859375 0.3046875
4 0.9703125 0.1265625 0.059375 0.2375