0 0.58203125 0.88203125 0.14296875 0.21171875
0 0.58125 0.74296875 0.184375 0.16796875
0 0.4078125 0.93359375 0.31015625 0.1328125
0 0.3484375 0.93515625 0.296875 0.12890625
1 0.0671875 0.85546875 0.071875 0.12734375
1 0.04140625 0.81953125 0.0828125 0.09453125
2 0.159375 0.728125 0.15703125 0.125
2 0.25703125 0.6796875 0.28125 0.18359375
2 0.2984375 0.55703125 0.153125 0.05
4 0.0265625 0.35078125 0.05234375 0.4515625
4 0.46171875 0.3734375 0.1515625 0.334375
4 0.64453125 0.434375 0.22265625 0.359375
4 0.74453125 0.60703125 0.1828125 0.2484375
0 0.40703125 0.8421875 0.3453125 0.1328125