4 0.44375 0.69140625 0.09453125 0.1890625
4 0.34375 0.225 0.2515625 0.25078125
1 0.553125 0.490625 0.0890625 0.09296875
1 0.76796875 0.38046875 0.10078125 0.06015625
1 0.7125 0.09609375 0.07890625 0.034375
1 0.49375 0.28515625 0.0765625 0.06328125
0 0.81640625 0.33203125 0.15 0.103125
0 0.40703124999999996 0.11171875 0.1296875 0.09921875
0 0.37031250000000004 0.10703125 0.0859375 0.10703125
0 0.44375 0.20859375 0.03671875 0.10703125
2 0.82109375 0.81171875 0.13203125 0.1359375
2 0.35 0.5703125 0.08359375 0.1359375
2 0.621875 0.1984375 0.15546875 0.12265625
1 0.6328125 0.16796875 0.0609375 0.0515625
3 0.77578125 0.59765625 0.17734375 0.21796875
