1 0.0421875 0.60625 0.084375 0.115625
1 0.09296875 0.30859375 0.0953125 0.0859375
1 0.50859375 0.1484375 0.1078125 0.0765625
1 0.46796875 0.22734375 0.1078125 0.0625
1 0.471875 0.46484375 0.103125 0.1578125
0 0.10078125 0.23125 0.11875 0.06640625
2 0.0296875 0.65625 0.05859375 0.1953125
4 0.05546875 0.4375 0.1109375 0.27734375
0 0.63671875 0.46171875 0.2171875 0.1953125
0 0.88984375 0.3859375 0.15234375 0.2046875
0 0.9734375 0.4203125 0.053125 0.2421875
2 0.46953125 0.2734375 0.27734375 0.16015625
4 0.1515625 0.525 0.2421875 0.6484375