4 0.69609375 0.16484375 0.2515625 0.3296875
4 0.15078124999999998 0.546875 0.159375 0.2640625
4 0.7125 0.7859375 0.2578125 0.175
2 0.803125 0.27265625 0.1703125 0.221875
2 0.38984375000000004 0.41953125 0.1375 0.1296875
2 0.31562500000000004 0.95078125 0.171875 0.0984375
1 0.43203125 0.9671875 0.0796875 0.065625
1 0.33125000000000004 0.74609375 0.1171875 0.1953125
1 0.34687500000000004 0.54921875 0.109375 0.096875
1 0.72265625 0.60859375 0.0921875 0.15625
1 0.80234375 0.61640625 0.0734375 0.121875
3 0.60703125 0.41015625 0.1859375 0.1859375
0 0.653125 0.23046875 0.1390625 0.1703125
0 0.42656249999999996 0.26484375 0.1984375 0.1328125
0 0.51953125 0.57265625 0.2 0.090625
4 0.11484375000000002 0.925 0.228125 0.15
