0 0.19921875 0.63828125 0.1015625 0.165625
0 0.28828125 0.61328125 0.21796875 0.18125
0 0.40390625 0.48359375 0.059375 0.13984375
0 0.94296875 0.41640625 0.1140625 0.0796875
1 0.5515625 0.59765625 0.12890625 0.04140625
1 0.93203125 0.678125 0.1359375 0.05234375
1 0.50703125 0.43046875 0.13359375 0.06171875
1 0.60859375 0.31875 0.1109375 0.04921875
1 0.88984375 0.3859375 0.14140625 0.04453125
2 0.39921875 0.2703125 0.08515625 0.06796875
2 0.8328125 0.21875 0.11171875 0.04921875
3 0.828125 0.28984375 0.15 0.071875
2 0.7171875 0.52109375 0.278125 0.12734375
4 0.25703125 0.425 0.4875 0.2015625
4 0.53046875 0.15390625 0.0640625 0.18046875
4 0.62890625 0.10390625 0.0828125 0.2078125