4 0.40234375 0.6625 0.3 0.23125
4 0.52578125 0.84765625 0.3296875 0.2609375
4 0.30156249999999996 0.3359375 0.20625 0.15703125
4 0.74140625 0.48828125 0.278125 0.0890625
4 0.77578125 0.6859375 0.35703125 0.178125
1 0.6078125 0.21484375 0.0890625 0.07265625
1 0.59765625 0.309375 0.04921875 0.0875
2 0.51953125 0.440625 0.12421875 0.24765625
2 0.56171875 0.3859375 0.06171875 0.12109375
0 0.35468750000000004 0.325 0.0921875 0.25
0 0.3828125 0.171875 0.04765625 0.2765625
0 0.4671875 0.2234375 0.146875 0.203125
0 0.4609375 0.11796875 0.11015625 0.2015625
0 0.49375 0.13125 0.09765625 0.2015625
