4 0.146875 0.29375 0.1734375 0.2875
4 0.278125 0.28046875 0.27265625 0.39296875
4 0.88203125 0.19375 0.1921875 0.3875
2 0.3359375 0.709375 0.1484375 0.184375
1 0.3125 0.5171875 0.21484375 0.08671875
1 0.559375 0.47734375 0.1234375 0.1546875
1 0.61484375 0.684375 0.209375 0.13359375
1 0.66796875 0.353125 0.18359375 0.084375
1 0.78671875 0.33046875 0.07578125 0.125
1 0.8390625 0.5171875 0.16171875 0.078125
1 0.9875 0.41328125 0.025 0.13359375
5 0.8 0.62109375 0.39921875 0.16015625
5 0.7125 0.08984375 0.28515625 0.10703125
6 0.58984375 0.19609375 0.4546875 0.17734375