1 0.60703125 0.2890625 0.178125 0.1609375
1 0.7546875 0.48359375 0.184375 0.13125
1 0.53359375 0.540625 0.1765625 0.1109375
1 0.7 0.63125 0.146875 0.0765625
1 0.48828125 0.73203125 0.1484375 0.121875
0 0.43828124999999996 0.95234375 0.26875 0.0953125
0 0.96171875 0.621875 0.0765625 0.0859375
2 0.83046875 0.85859375 0.2578125 0.2109375
2 0.17421874999999998 0.5078125 0.1796875 0.1578125
4 0.12812500000000004 0.32578125 0.25625 0.1328125
4 0.21250000000000002 0.79609375 0.184375 0.3875
3 0.11796874999999996 0.721875 0.1421875 0.184375
2 0.02734375 0.64375 0.0546875 0.14375
