4 0.55078125 0.28125 0.1 0.328125
4 0.36171875 0.6515625 0.103125 0.296875
4 0.50390625 0.46875 0.20625 0.1046875
4 0.5890625 0.59765625 0.040625 0.1984375
4 0.5359375 0.5796875 0.09375 0.1734375
6 0.47578125 0.590625 0.0796875 0.1546875
2 0.42578125 0.6203125 0.084375 0.090625
0 0.4296875 0.70859375 0.0421875 0.065625
0 0.46328125 0.7265625 0.059375 0.04375
0 0.4484375 0.7515625 0.075 0.028125
0 0.40078125 0.709375 0.021875 0.0625
0 0.3171875 0.68984375 0.04375 0.0234375
1 0.3015625 0.65703125 0.046875 0.0453125
2 0.7015625 0.55 0.0515625 0.08125
2 0.66171875 0.634375 0.0703125 0.053125
1 0.64921875 0.69296875 0.046875 0.046875
1 0.6171875 0.7265625 0.0546875 0.0203125
1 0.56875 0.7078125 0.0359375 0.046875
1 0.5375 0.659375 0.0484375 0.0203125
1 0.61328125 0.6703125 0.0296875 0.040625
3 0.7609375 0.45781249999999996 0.109375 0.1296875
4 0.746875 0.68671875 0.0515625 0.1828125
