0 0.40546875000000004 0.2625 0.178125 0.078125
0 0.37421875000000004 0.37421875 0.14375 0.1640625
0 0.4625 0.44765625 0.1796875 0.115625
0 0.49140625000000004 0.46015625 0.059375 0.20625
0 0.5984375 0.571875 0.1109375 0.1640625
0 0.5703125 0.5859375 0.140625 0.1078125
1 0.640625 0.65859375 0.0984375 0.109375
1 0.19843750000000004 0.68203125 0.090625 0.065625
1 0.07656249999999998 0.63984375 0.09375 0.125
1 0.09687500000000004 0.47421875 0.115625 0.115625
2 0.390625 0.77890625 0.15625 0.221875
4 0.08359375000000002 0.91640625 0.1671875 0.1671875
