4 0.53671875 0.74140625 0.215625 0.10625
4 0.29296875 0.70625 0.26875 0.153125
4 0.6453125 0.16796875 0.14375 0.1515625
4 0.5203125 0.5546875 0.15625 0.075
4 0.50078125 0.4984375 0.065625 0.3265625
2 0.678125 0.41640625 0.071875 0.15
3 0.7984375 0.571875 0.1734375 0.2546875
6 0.42578125 0.540625 0.0671875 0.265625
2 0.36953125 0.49531250000000004 0.0625 0.1796875
1 0.27109375 0.51015625 0.053125 0.0546875
1 0.4359375 0.17343750000000002 0.0328125 0.10625
1 0.47265625 0.07968750000000002 0.0640625 0.0828125
1 0.5265625 0.12343749999999998 0.06875 0.0609375
1 0.49609375 0.23984375000000002 0.0390625 0.11875
1 0.44765625 0.328125 0.040625 0.053125
2 0.575 0.26484375000000004 0.0703125 0.1109375
0 0.29609375 0.41640625 0.0546875 0.1046875
0 0.26953125 0.44921875 0.06875 0.0546875
0 0.328125 0.23984375000000002 0.0734375 0.0265625
0 0.30859375 0.20156249999999998 0.06875 0.071875
0 0.2984375 0.35 0.0453125 0.090625
0 0.31328125 0.31875 0.05 0.15625
