4 0.85390625 0.38046875 0.26953125 0.2546875
4 0.69453125 0.403125 0.19453125 0.24296875
1 0.19609375 0.46171875 0.15625 0.0953125
1 0.12265625 0.6 0.17421875 0.05234375
0 0.1 0.459375 0.2 0.11875
0 0.109375 0.7625 0.21875 0.2328125
0 0.18515625 0.92109375 0.3703125 0.1296875
0 0.521875 0.91953125 0.303125 0.1609375
0 0.58203125 0.85234375 0.28125 0.20234375
0 0.3796875 0.77421875 0.17578125 0.1375
2 0.26953125 0.62421875 0.334375 0.25078125
2 0.31171875 0.8171875 0.2390625 0.115625
3 0.52734375 0.61640625 0.334375 0.184375
1 0.503125 0.46796875 0.09140625 0.10546875
6 0.59375 0.61015625 0.315625 0.32578125
2 0.60078125 0.91953125 0.2390625 0.1609375