4 0.34375 0.1484375 0.196875 0.2078125
4 0.3609375 0.271875 0.1875 0.15
1 0.40625 0.65625 0.0734375 0.1203125
1 0.4875 0.87265625 0.059375 0.11875
1 0.51328125 0.71328125 0.040625 0.134375
0 0.40546875 0.77109375 0.0921875 0.2359375
0 0.63828125 0.7328125 0.1796875 0.1875
0 0.76171875 0.67265625 0.1 0.303125
0 0.83984375 0.4046875 0.28125 0.234375
0 0.7078125 0.35859375000000004 0.15625 0.2171875
0 0.64765625 0.51484375 0.10625 0.1359375
1 0.92109375 0.22421875000000002 0.075 0.20625
2 0.53203125 0.6 0.19375 0.2578125
2 0.68046875 0.5671875 0.0890625 0.184375
3 0.52578125 0.40078125 0.1421875 0.2578125
1 0.4109375 0.41953125 0.08125 0.0703125
6 0.52109375 0.34921875 0.2515625 0.24375
2 0.765625 0.34296875000000004 0.134375 0.184375
