6 0.60703125 0.609375 0.18359375 0.32890625
2 0.56484375 0.86953125 0.21484375 0.1609375
4 0.771875 0.7765625 0.40625 0.3734375
4 0.88671875 0.8171875 0.2265625 0.28515625
4 0.5578125 0.403125 0.37578125 0.07578125
4 0.54140625 0.2984375 0.2765625 0.240625
4 0.3453125 0.06640625 0.096875 0.1328125
0 0.4046875 0.13203125 0.1 0.08671875
0 0.36484375 0.178125 0.1796875 0.03984375
0 0.940625 0.4765625 0.11875 0.0875
1 0.96328125 0.5421875 0.07265625 0.0984375
3 0.9328125 0.80234375 0.134375 0.2046875