4 0.2140625 0.89609375 0.2890625 0.20703125
0 0.165625 0.26484375 0.0640625 0.29296875
0 0.24765625 0.58671875 0.11953125 0.275
0 0.38359375 0.50625 0.04609375 0.31875
0 0.559375 0.4734375 0.1953125 0.2234375
0 0.6375 0.6765625 0.24921875 0.203125
0 0.9109375 0.5125 0.178125 0.44375
3 0.309375 0.165625 0.165625 0.33046875
1 0.321875 0.44453125 0.08359375 0.18359375
1 0.6640625 0.175 0.1390625 0.16328125
1 0.75703125 0.05078125 0.175 0.1015625
1 0.8046875 0.28671875 0.13359375 0.17109375
1 0.89375 0.203125 0.1890625 0.1875
1 0.68828125 0.4671875 0.1453125 0.17734375
1 0.45546875 0.7234375 0.109375 0.09140625
2 0.48046875 0.32578125 0.14140625 0.1671875