4 0.7765625 0.5609375 0.196875 0.20390625
4 0.65859375 0.43125 0.32890625 0.075
4 0.44296875 0.41484375 0.34375 0.1859375
2 0.85859375 0.5875 0.07265625 0.1
2 0.49296874999999996 0.50078125 0.1265625 0.04375
2 0.44765625 0.30703125 0.18046875 0.053125
1 0.67265625 0.3875 0.11015625 0.021875
1 0.49765625 0.478125 0.13046875 0.0234375
1 0.51875 0.25234375 0.08515625 0.02421875
1 0.45859375 0.29140625 0.065625 0.0234375
1 0.33281249999999996 0.3640625 0.10703125 0.0484375
0 0.69375 0.359375 0.16484375 0.0359375
0 0.24765625000000002 0.3421875 0.0375 0.07578125
0 0.15625 0.2796875 0.14609375 0.06171875
0 0.09609374999999998 0.28203125 0.084375 0.07109375
0 0.73671875 0.5078125 0.175 0.059375
