1 0.07421875 0.18281250000000004 0.0796875 0.14375
1 0.28359375 0.515625 0.0921875 0.18125
1 0.55859375 0.31875 0.0953125 0.2203125
1 0.36875 0.03671875000000002 0.090625 0.0734375
1 0.18515625 0.11328125 0.059375 0.1546875
0 0.215625 0.53046875 0.059375 0.25625
3 0.4671875 0.70234375 0.175 0.2890625
2 0.22421875 0.13906249999999998 0.1359375 0.278125
4 0.45390625 0.21718749999999998 0.465625 0.434375
4 0.396875 0.51953125 0.2421875 0.50625
2 0.6 0.32734375000000004 0.1171875 0.2140625
2 0.56953125 0.8859375 0.1296875 0.1546875
4 0.69375 0.8296875 0.1765625 0.31875
