4 0.121875 0.7125 0.24375 0.575
4 0.425 0.6390625 0.2015625 0.721875
2 0.25234375 0.6625 0.1359375 0.1671875
1 0.26328125 0.72890625 0.15625 0.1078125
0 0.24140625 0.753125 0.14375 0.04375
1 0.19765625 0.8484375 0.1140625 0.06875
0 0.16015625 0.928125 0.0859375 0.059375
1 0.69609375 0.93125 0.1109375 0.0625
1 0.6796875 0.87890625 0.134375 0.05625
0 0.63984375 0.7125 0.1328125 0.178125
1 0.609375 0.53203125 0.1265625 0.1359375
2 0.7765625 0.546875 0.165625 0.209375
3 0.853125 0.74453125 0.1953125 0.228125
0 0.96015625 0.51875 0.0796875 0.253125
2 0.95 0.9296875 0.1 0.11875
4 0.97109375 0.784375 0.0578125 0.196875
