4 0.36953125 0.89375 0.3453125 0.2125
4 0.6125 0.33984375 0.3796875 0.2203125
4 0.12109375 0.35078125000000004 0.2421875 0.0984375
4 0.5546875 0.034375000000000044 0.16875 0.06875
6 0.25234375 0.59375 0.475 0.20625
0 0.68359375 0.609375 0.3125 0.115625
0 0.74921875 0.5171875 0.3515625 0.090625
0 0.09765625 0.17343750000000002 0.1765625 0.1734375
1 0.55234375 0.46562499999999996 0.18125 0.0625
1 0.4671875 0.23593750000000002 0.1875 0.1125
1 0.33359375 0.07499999999999996 0.1171875 0.15
1 0.178125 0.028124999999999956 0.1328125 0.05625
2 0.49140625 0.14531249999999996 0.225 0.1515625
