0 0.59453125 0.15234375 0.22265625 0.09765625
0 0.63359375 0.2921875 0.1796875 0.2046875
0 0.5234375 0.38359375 0.225 0.14453125
0 0.4875 0.39921875 0.07421875 0.2578125
0 0.353125 0.5390625 0.1390625 0.2046875
0 0.3890625 0.55625 0.17578125 0.134375
1 0.30078125 0.64765625 0.1234375 0.13671875
1 0.853125 0.6765625 0.11328125 0.08203125
1 0.9734375 0.6234375 0.053125 0.15625
1 0.95390625 0.415625 0.0921875 0.14453125
2 0.61328125 0.79765625 0.1953125 0.27734375
4 0.94609375 0.9328125 0.1078125 0.134375