4 0.1453125 0.59453125 0.2203125 0.228125
4 0.278125 0.45 0.36875 0.08359375
4 0.51875 0.43125 0.384375 0.2078125
2 0.05390625 0.625 0.08125 0.11171875
2 0.46328125 0.52734375 0.14140625 0.04921875
2 0.51328125 0.31171875 0.2015625 0.059375
1 0.26171875 0.40078125 0.1234375 0.025
1 0.4578125 0.50234375 0.14609375 0.02578125
1 0.434375 0.25 0.0953125 0.02734375
1 0.5015625 0.29296875 0.0734375 0.02578125
1 0.6421875 0.375 0.1203125 0.05390625
0 0.23828125 0.36953125 0.18515625 0.040625
0 0.73828125 0.35078125 0.0421875 0.084375
0 0.83984375 0.28046875 0.1640625 0.06875
0 0.9078125 0.2828125 0.09453125 0.0796875
0 0.18984375 0.5359375 0.1953125 0.06640625