0 0.671875 0.33203125 0.1609375 0.10859375
0 0.56640625 0.33281249999999996 0.12734375 0.13984375
0 0.725 0.46406250000000004 0.12734375 0.23515625
0 0.73203125 0.509375 0.1359375 0.22578125
1 0.6515625 0.7234375 0.096875 0.0546875
1 0.62578125 0.76015625 0.071875 0.0984375
2 0.55546875 0.653125 0.09453125 0.11953125
2 0.51875 0.5796875 0.13984375 0.2140625
2 0.42578125 0.5484375 0.03828125 0.11640625
4 0.38046875 0.84765625 0.290625 0.17734375
4 0.26953125 0.8203125 0.34296875 0.17265625
4 0.2859375 0.4234375 0.25390625 0.115625
4 0.33203125 0.28515625 0.2734375 0.16875
4 0.46328125 0.20859375000000002 0.1890625 0.1390625
0 0.6421875 0.46484375 0.10078125 0.2625
