4 0.15 0.31640625 0.225 0.51484375
4 0.0125 0.50390625 0.025 0.23515625
6 0.18203125 0.07578125 0.13359375 0.1515625
4 0.30234375 0.0296875 0.0671875 0.059375
3 0.303125 0.253125 0.2046875 0.11796875
1 0.4609375 0.43046875 0.1546875 0.1234375
2 0.3234375 0.79453125 0.225 0.23515625
1 0.50546875 0.184375 0.0984375 0.1
0 0.546875 0.12734375 0.1546875 0.103125
1 0.86953125 0.1109375 0.09140625 0.08828125
1 0.78359375 0.4453125 0.08203125 0.1765625
2 0.8484375 0.35390625 0.28984375 0.2265625
0 0.88203125 0.49765625 0.09140625 0.25703125
1 0.96484375 0.3203125 0.0703125 0.06640625
4 0.91796875 0.5984375 0.16328125 0.403125