4 0.5640625 0.12890625 0.2 0.09140625
4 0.5875 0.22890625 0.3046875 0.14296875
4 0.7671875 0.75859375 0.4109375 0.240625
6 0.70546875 0.4765625 0.1953125 0.4078125
5 0.83515625 0.6109375 0.12734375 0.26640625
5 0.30000000000000004 0.6546875 0.16796875 0.4015625
2 0.22031250000000002 0.2234375 0.1625 0.09921875
1 0.39609375 0.246875 0.071875 0.15078125
1 0.24453124999999998 0.45625 0.11484375 0.1703125
1 0.4390625 0.44375 0.13671875 0.08046875
1 0.58203125 0.46015625 0.09296875 0.14140625
1 0.6015625 0.58125 0.12421875 0.08359375
1 0.40859375 0.69140625 0.065625 0.1703125
1 0.5421875 0.91640625 0.14453125 0.09921875
