3 0.715625 0.52578125 0.20234375 0.284375
3 0.37812500000000004 0.78359375 0.16015625 0.259375
5 0.22499999999999998 0.74453125 0.309375 0.2953125
5 0.53359375 0.421875 0.31171875 0.24140625
6 0.63203125 0.8921875 0.28125 0.17109375
1 0.5796875 0.7453125 0.1171875 0.0953125
1 0.51640625 0.71953125 0.10703125 0.13984375
1 0.44999999999999996 0.63046875 0.13671875 0.084375
1 0.59296875 0.1234375 0.053125 0.24140625
1 0.3984375 0.16796875 0.1671875 0.12578125
1 0.30078125 0.31484375 0.090625 0.1765625
1 0.58125 0.5515625 0.13359375 0.0703125
4 0.7671875 0.29296875 0.23671875 0.50078125
2 0.23046875 0.55234375 0.18359375 0.16328125
