0 0.3515625 0.190625 0.1515625 0.09296875
0 0.37421875000000004 0.271875 0.165625 0.19921875
0 0.49296874999999996 0.37734375 0.128125 0.0546875
0 0.55390625 0.9 0.0734375 0.16328125
1 0.38828125 0.5125 0.0375 0.11796875
1 0.31484375 0.8828125 0.04765625 0.16875
1 0.54140625 0.471875 0.05625 0.12265625
1 0.64375 0.56484375 0.0453125 0.1015625
1 0.5828125 0.821875 0.04140625 0.12890625
2 0.68828125 0.3734375 0.06171875 0.078125
2 0.7359375 0.76953125 0.0453125 0.10234375
3 0.6703125 0.765625 0.06640625 0.1375
2 0.45859375 0.6640625 0.1171875 0.2546875
4 0.546875 0.24296875 0.184375 0.44609375
4 0.79453125 0.49296875 0.16484375 0.05859375
4 0.8578125 0.58359375 0.22578125 0.0765625
