4 0.21796875 0.2015625 0.1828125 0.403125
4 0.4984375 0.18125 0.140625 0.3625
4 0.89453125 0.2640625 0.2109375 0.475
2 0.0671875 0.6640625 0.13359375 0.2609375
1 0.209375 0.5578125 0.0859375 0.17421875
1 0.38203125 0.49140625 0.1671875 0.1234375
1 0.61328125 0.50546875 0.0859375 0.20625
1 0.87578125 0.62109375 0.09296875 0.22890625
2 0.55 0.4140625 0.1140625 0.24296875
0 0.709375 0.49296875 0.178125 0.2625
0 0.26875 0.82109375 0.0828125 0.35703125
4 0.6046875 0.86875 0.2234375 0.2625
6 0.9296875 0.8265625 0.140625 0.2796875