0 0.25078125 0.140625 0.2484375 0.2734375
0 0.34609375 0.91875 0.2671875 0.0953125
0 0.61015625 0.78515625 0.1828125 0.1375
0 0.59765625 0.6703125 0.2 0.0421875
0 0.59921875 0.5890625 0.1796875 0.159375
0 0.7546875 0.47343749999999996 0.140625 0.1609375
0 0.7390625 0.25859374999999996 0.1921875 0.16875
4 0.87265625 0.74375 0.2546875 0.146875
3 0.3125 0.775 0.2796875 0.1546875
1 0.73828125 0.609375 0.0453125 0.0765625
1 0.5453125 0.734375 0.1375 0.0859375
1 0.4578125 0.41171875 0.159375 0.1140625
1 0.65390625 0.41874999999999996 0.1359375 0.125
1 0.56875 0.30625 0.1578125 0.090625
1 0.5359375 0.23203125000000002 0.15 0.134375
1 0.38046875 0.32421875 0.14375 0.159375
2 0.53828125 0.59609375 0.1640625 0.1140625
