0 0.2625 0.40546875000000004 0.078125 0.178125
0 0.37421875 0.37421875000000004 0.1640625 0.14375
0 0.44765625 0.4625 0.115625 0.1796875
0 0.46015625 0.49140625000000004 0.20625 0.059375
0 0.571875 0.5984375 0.1640625 0.1109375
0 0.5859375 0.5703125 0.1078125 0.140625
1 0.65859375 0.640625 0.109375 0.0984375
1 0.68203125 0.19843750000000004 0.065625 0.090625
1 0.63984375 0.07656249999999998 0.125 0.09375
1 0.47421875 0.09687500000000004 0.115625 0.115625
2 0.77890625 0.390625 0.221875 0.15625
4 0.91640625 0.08359375000000002 0.1671875 0.1671875
