4 0.08828125 0.5234375 0.1765625 0.39375
4 0.403125 0.44765625 0.109375 0.2515625
4 0.4078125 0.16484375 0.09375 0.3296875
4 0.540625 0.38203125 0.0671875 0.25625
4 0.58046875 0.40390625 0.2375 0.0953125
6 0.5359375 0.31484375 0.1953125 0.1140625
2 0.55546875 0.2625 0.1203125 0.0703125
1 0.5265625 0.15546875 0.03125 0.0578125
1 0.7703125 0.37578125 0.0953125 0.040625
1 0.690625 0.32578125 0.0515625 0.059375
1 0.8078125 0.30859375 0.084375 0.0359375
1 0.88203125 0.33359375 0.06875 0.0671875
1 0.85859375 0.39453125 0.03125 0.0703125
4 0.8640625 0.48671875 0.1171875 0.2546875
2 0.7671875 0.46015625 0.0984375 0.0953125
2 0.67421875 0.58828125 0.10625 0.1015625
3 0.56875 0.7359375 0.16875 0.196875
0 0.75546875 0.17578125 0.05625 0.0703125
0 0.7359375 0.1953125 0.0171875 0.071875
0 0.67265625 0.18984375 0.10625 0.0609375
0 0.6515625 0.17890625 0.078125 0.059375
0 0.60390625 0.18046875 0.0703125 0.053125
0 0.5734375 0.15546875 0.0390625 0.0578125