1 0.3515625 0.6734375 0.1578125 0.0921875
1 0.5140625 0.675 0.09375 0.1
1 0.5671875 0.6765625 0.0671875 0.0734375
1 0.48125 0.43203125 0.1296875 0.090625
0 0.584375 0.55 0.1828125 0.1359375
0 0.3328125 0.73984375 0.2359375 0.06875
0 0.903125 0.46796875000000004 0.15625 0.1328125
1 0.5296875 0.75703125 0.1078125 0.065625
3 0.42578125 0.46484375 0.2234375 0.2125
4 0.3015625 0.421875 0.2203125 0.271875
4 0.17265625 0.42890625000000004 0.3140625 0.38125
2 0.7265625 0.23828125 0.1828125 0.103125
0 0.85234375 0.25234375 0.146875 0.20625
2 0.8828125 0.60625 0.2078125 0.159375
