4 0.74140625 0.53671875 0.10625 0.215625
4 0.70625 0.29296875 0.153125 0.26875
4 0.16796875 0.6453125 0.1515625 0.14375
4 0.5546875 0.5203125 0.075 0.15625
4 0.4984375 0.50078125 0.3265625 0.065625
2 0.41640625 0.678125 0.15 0.071875
3 0.571875 0.7984375 0.2546875 0.1734375
6 0.540625 0.42578125 0.265625 0.0671875
2 0.49531250000000004 0.36953125 0.1796875 0.0625
1 0.51015625 0.27109375 0.0546875 0.053125
1 0.17343750000000002 0.4359375 0.10625 0.0328125
1 0.07968750000000002 0.47265625 0.0828125 0.0640625
1 0.12343749999999998 0.5265625 0.0609375 0.06875
1 0.23984375000000002 0.49609375 0.11875 0.0390625
1 0.328125 0.44765625 0.053125 0.040625
2 0.26484375000000004 0.575 0.1109375 0.0703125
0 0.41640625 0.29609375 0.1046875 0.0546875
0 0.44921875 0.26953125 0.0546875 0.06875
0 0.23984375000000002 0.328125 0.0265625 0.0734375
0 0.20156249999999998 0.30859375 0.071875 0.06875
0 0.35 0.2984375 0.090625 0.0453125
0 0.31875 0.31328125 0.15625 0.05
