0 0.43515625 0.76953125 0.3484375 0.053125
0 0.39765625000000004 0.2203125 0.3 0.0375
0 0.86015625 0.1375 0.225 0.1234375
0 0.73359375 0.234375 0.1609375 0.1953125
0 0.65078125 0.2859375 0.271875 0.078125
0 0.17656249999999996 0.4 0.1203125 0.2828125
1 0.575 0.13359375 0.115625 0.0796875
1 0.83828125 0.2484375 0.1359375 0.09375
1 0.428125 0.35546875 0.1875 0.0703125
1 0.5578125 0.509375 0.175 0.0875
1 0.37734375 0.4921875 0.1828125 0.084375
1 0.33046875 0.56328125 0.203125 0.0671875
1 0.51875 0.60703125 0.190625 0.075
2 0.71171875 0.3515625 0.1734375 0.1109375
3 0.946875 0.415625 0.10625 0.246875
