4 0.30390625 0.83515625 0.2515625 0.3296875
4 0.84921875 0.453125 0.159375 0.2640625
4 0.2875 0.21406250000000004 0.2578125 0.175
2 0.196875 0.72734375 0.1703125 0.221875
2 0.61015625 0.58046875 0.1375 0.1296875
2 0.684375 0.04921874999999998 0.171875 0.0984375
1 0.56796875 0.03281250000000002 0.0796875 0.065625
1 0.66875 0.25390625 0.1171875 0.1953125
1 0.653125 0.45078125 0.109375 0.096875
1 0.27734375 0.39140624999999996 0.0921875 0.15625
1 0.19765625 0.38359374999999996 0.0734375 0.121875
3 0.39296875 0.58984375 0.1859375 0.1859375
0 0.346875 0.76953125 0.1390625 0.1703125
0 0.5734375 0.73515625 0.1984375 0.1328125
0 0.48046875 0.42734375 0.2 0.090625
4 0.88515625 0.07499999999999996 0.228125 0.15
