4 0.55703125 0.065625 0.2140625 0.13125
4 0.48750000000000004 0.178125 0.1609375 0.1296875
4 0.365625 0.71796875 0.2390625 0.39375
4 0.7453125 0.3375 0.134375 0.078125
4 0.8125 0.315625 0.1703125 0.0765625
4 0.88125 0.39296875 0.1578125 0.06875
1 0.77265625 0.38203125 0.028125 0.046875
1 0.596875 0.47109375 0.046875 0.0578125
1 0.49296874999999996 0.4015625 0.0609375 0.0921875
1 0.47890625 0.61328125 0.0453125 0.0515625
1 0.60859375 0.74609375 0.059375 0.0609375
1 0.565625 0.68203125 0.0421875 0.0625
0 0.4453125 0.709375 0.040625 0.140625
0 0.384375 0.909375 0.0890625 0.1265625
0 0.4234375 0.859375 0.0984375 0.109375
2 0.546875 0.67265625 0.0984375 0.1609375
0 0.61796875 0.50859375 0.0640625 0.1015625
3 0.575 0.3203125 0.0734375 0.1515625
2 0.584375 0.18828125 0.06875 0.0875
6 0.76953125 0.240625 0.1640625 0.109375
2 0.37265625 0.325 0.0796875 0.14375
