4 0.48046875 0.79453125 0.253125 0.175
4 0.13671875 0.553125 0.2734375 0.18515625
4 0.07265625 0.52578125 0.1453125 0.2921875
4 0.1453125 0.2234375 0.28984375 0.32734375
4 0.3375 0.5109375 0.44453125 0.0984375
3 0.1140625 0.87890625 0.228125 0.15234375
2 0.259375 0.78125 0.20546875 0.078125
2 0.559375 0.659375 0.16640625 0.13359375
6 0.35390625 0.40625 0.38046875 0.1359375
2 0.4640625 0.31796875 0.24296875 0.08203125
1 0.54921875 0.15 0.08671875 0.078125
1 0.95546875 0.5 0.08828125 0.13203125
1 0.821875 0.59765625 0.14375 0.11328125
1 0.6890625 0.53359375 0.15625 0.06796875
1 0.609375 0.4390625 0.059375 0.084375
1 0.86015625 0.434375 0.19375 0.05546875
0 0.63984375 0.14609375 0.08203125 0.09296875
0 0.6546875 0.1921875 0.175 0.084375
0 0.7625 0.18515625 0.17109375 0.084375
0 0.75859375 0.221875 0.24453125 0.08046875
0 0.88203125 0.23359375 0.1375 0.12578125
0 0.95078125 0.19453125 0.06796875 0.12578125