1 0.84453125 0.19921875 0.1296875 0.071875
1 0.5828125 0.4125 0.1015625 0.0890625
1 0.33984375 0.378125 0.053125 0.0890625
1 0.44921875 0.246875 0.1140625 0.0359375
0 0.52734375 0.1078125 0.1875 0.0625
0 0.453125 0.18515625 0.1578125 0.0828125
0 0.52734375 0.078125 0.10625 0.0359375
1 0.6484375 0.21953125 0.0484375 0.0640625
2 0.6328125 0.23984375 0.1734375 0.1375
0 0.6765625 0.4171875 0.08125 0.1328125
3 0.4125 0.53125 0.1125 0.1765625
2 0.27421874999999996 0.62734375 0.1640625 0.090625
4 0.7390625 0.696875 0.1609375 0.1296875
6 0.6484375 0.89921875 0.25 0.1625
4 0.9359375 0.90859375 0.128125 0.159375
4 0.08750000000000002 0.403125 0.175 0.1375
4 0.07187500000000002 0.52265625 0.14375 0.1171875
2 0.17500000000000004 0.33515625 0.115625 0.0796875
4 0.3453125 0.1796875 0.1265625 0.2140625
