3 0.53671875 0.6734375 0.14609375 0.3765625
3 0.33046875 0.33359375 0.13984375 0.2546875
1 0.35234375 0.56640625 0.09609375 0.1421875
1 0.43828125 0.5453125 0.07265625 0.19375
1 0.54296875 0.45390625 0.13359375 0.08671875
1 0.45625 0.3625 0.1234375 0.06171875
1 0.584375 0.09921875 0.0796875 0.11796875
1 0.7015625 0.121875 0.11953125 0.071875
1 0.75 0.21640625 0.04453125 0.12734375
2 0.778125 0.38671875 0.178125 0.178125
5 0.5578125 0.26171875 0.215625 0.23671875
5 0.759375 0.63046875 0.34296875 0.3796875
4 0.4390625 0.15234375 0.09453125 0.290625
6 0.20625 0.67890625 0.36328125 0.159375