1 0.921875 0.321875 0.09921875 0.0953125
1 0.4859375 0.40625 0.08828125 0.05703125
1 0.4359375 0.6234375 0.10546875 0.14375
1 0.29296875 0.66171875 0.12265625 0.10546875
1 0.38203125 0.4765625 0.07578125 0.1265625
1 0.22890625 0.509375 0.0546875 0.13046875
4 0.1078125 0.31328125 0.1515625 0.21953125
4 0.34375 0.16171875 0.16875 0.3015625
4 0.6484375 0.075 0.08671875 0.15
3 0.18671875 0.053125 0.1875 0.084375
2 0.21015625 0.18984375 0.07421875 0.1203125
2 0.21171875 0.34296875 0.07421875 0.1265625
2 0.6625 0.278125 0.11640625 0.20078125
0 0.63515625 0.65703125 0.09296875 0.21484375
0 0.778125 0.7359375 0.1875 0.05703125
0 0.73125 0.60234375 0.12265625 0.23828125
0 0.815625 0.5359375 0.11796875 0.18984375
0 0.86796875 0.4828125 0.12265625 0.17265625
0 0.890625 0.40390625 0.1390625 0.1265625