4 0.85390625 0.334375 0.146875 0.24375
4 0.7421875 0.3234375 0.23125 0.33359375
4 0.23046875 0.2453125 0.1625 0.3390625
2 0.69375 0.68671875 0.12578125 0.15625
1 0.7140625 0.5234375 0.18203125 0.0734375
1 0.5046875 0.48984375 0.1046875 0.13125
1 0.45781249999999996 0.66484375 0.17734375 0.11328125
1 0.4125 0.384375 0.15546875 0.07109375
1 0.31171875000000004 0.365625 0.0640625 0.10625
1 0.2671875 0.5234375 0.1375 0.06640625
1 0.1171875 0.4359375 0.06875 0.11328125
5 0.290625 0.6125 0.3578125 0.1359375
5 0.37421875000000004 0.1609375 0.2421875 0.090625
6 0.47890625 0.2515625 0.3859375 0.15
