4 0.89375 0.36953125 0.2125 0.3453125
4 0.33984375 0.6125 0.2203125 0.3796875
4 0.35078125000000004 0.12109375 0.0984375 0.2421875
4 0.034375000000000044 0.5546875 0.06875 0.16875
6 0.59375 0.25234375 0.20625 0.475
0 0.609375 0.68359375 0.115625 0.3125
0 0.5171875 0.74921875 0.090625 0.3515625
0 0.17343750000000002 0.09765625 0.1734375 0.1765625
1 0.46562499999999996 0.55234375 0.0625 0.18125
1 0.23593750000000002 0.4671875 0.1125 0.1875
1 0.07499999999999996 0.33359375 0.15 0.1171875
1 0.028124999999999956 0.178125 0.05625 0.1328125
2 0.14531249999999996 0.49140625 0.1515625 0.225
