2 0.75390625 0.71953125 0.1609375 0.265625
1 0.675 0.96171875 0.075 0.0765625
0 0.95 0.92421875 0.1 0.1515625
0 0.959375 0.7734375 0.08125 0.10625
4 0.5296875 0.48046875 0.2921875 0.1375
4 0.278125 0.6109375 0.2171875 0.1078125
4 0.259375 0.35468750000000004 0.215625 0.10625
4 0.315625 0.490625 0.1546875 0.071875
4 0.47578125 0.7671875 0.09375 0.3328125
3 0.3515625 0.72890625 0.078125 0.1296875
2 0.4125 0.85390625 0.071875 0.1015625
2 0.471875 0.96171875 0.06875 0.0765625
6 0.26484375 0.4625 0.190625 0.08125
