0 0.22890625 0.63046875 0.059375 0.23125
0 0.38671875 0.53046875 0.1828125 0.1671875
0 0.46640625 0.40625 0.121875 0.19375
0 0.4625 0.33671875 0.1609375 0.1234375
0 0.52890625 0.36484375 0.1515625 0.16875
3 0.471875 0.346875 0.0953125 0.284375
1 0.421875 0.46875 0.11875 0.053125
1 0.27265625 0.70703125 0.1015625 0.0875
1 0.8984375 0.56796875 0.09375 0.11875
1 0.896875 0.509375 0.0921875 0.10625
1 0.946875 0.46484375 0.046875 0.1421875
1 0.9796875 0.3984375 0.040625 0.078125
1 0.953125 0.30859375 0.0671875 0.1140625
0 0.828125 0.2875 0.1859375 0.103125
2 0.859375 0.38125 0.115625 0.1453125