0 0.09453125 0.62578125 0.1890625 0.221875
0 0.1984375 0.4671875 0.07265625 0.17109375
0 0.89453125 0.3859375 0.2109375 0.09765625
1 0.3796875 0.6078125 0.1578125 0.05078125
1 0.87578125 0.70625 0.22578125 0.06328125
1 0.32421875 0.403125 0.1640625 0.075
1 0.44921875 0.26640625 0.13671875 0.0609375
1 0.79296875 0.34765625 0.17265625 0.0546875
2 0.1921875 0.20703125 0.10390625 0.0828125
2 0.7234375 0.14296875 0.13671875 0.06015625
3 0.71796875 0.23125 0.18359375 0.08828125
2 0.5828125 0.51328125 0.340625 0.15625
4 0.1578125 0.39453125 0.315625 0.2484375
4 0.3515625 0.08671875 0.07890625 0.1734375
4 0.47421875 0.065625 0.1015625 0.13125