0 0.77109375 0.63046875 0.059375 0.23125
0 0.61328125 0.53046875 0.1828125 0.1671875
0 0.53359375 0.40625 0.121875 0.19375
0 0.5375 0.33671875 0.1609375 0.1234375
0 0.47109375 0.36484375 0.1515625 0.16875
3 0.528125 0.346875 0.0953125 0.284375
1 0.578125 0.46875 0.11875 0.053125
1 0.72734375 0.70703125 0.1015625 0.0875
1 0.1015625 0.56796875 0.09375 0.11875
1 0.10312500000000002 0.509375 0.0921875 0.10625
1 0.05312499999999998 0.46484375 0.046875 0.1421875
1 0.020312499999999956 0.3984375 0.040625 0.078125
1 0.046875 0.30859375 0.0671875 0.1140625
0 0.171875 0.2875 0.1859375 0.103125
2 0.140625 0.38125 0.115625 0.1453125
