4 0.1328125 0.2296875 0.265625 0.134375
4 0.1703125 0.31171875 0.340625 0.2171875
6 0.41171875 0.4765625 0.3890625 0.3078125
2 0.621875 0.7375 0.1828125 0.2
4 0.70859375 0.546875 0.2125 0.4390625
4 0.846875 0.5109375 0.2 0.3
3 0.85625 0.44609375 0.2671875 0.203125
1 0.9296875 0.4390625 0.13125 0.0703125
1 0.67421875 0.25390625 0.1875 0.065625
1 0.84609375 0.203125 0.1546875 0.0859375
1 0.884375 0.18125 0.1125 0.046875
1 0.7890625 0.1125 0.1359375 0.0453125
0 0.93125 0.284375 0.1375 0.065625
0 0.621875 0.2 0.2390625 0.0640625