2 0.8171875 0.7046875 0.196875 0.2015625
1 0.68671875 0.6234375 0.1359375 0.0859375
1 0.63515625 0.76640625 0.0671875 0.1375
1 0.6125 0.32578125 0.078125 0.046875
0 0.81484375 0.3484375 0.15625 0.0453125
0 0.55390625 0.60390625 0.0703125 0.1375
0 0.56796875 0.50390625 0.0609375 0.1109375
0 0.44765625 0.68671875 0.1828125 0.140625
0 0.43281250000000004 0.37421875 0.0734375 0.0671875
0 0.4859375 0.31640625 0.121875 0.059375
2 0.57421875 0.35625 0.096875 0.040625
2 0.48203125 0.3390625 0.09375 0.0609375
4 0.7015625 0.19375 0.0875 0.2234375
4 0.6109375 0.17421875 0.0859375 0.290625
4 0.56328125 0.16640625 0.03125 0.20625
6 0.690625 0.42265625 0.146875 0.2765625
