4 0.046875 0.45625 0.09375 0.23359375
4 0.1453125 0.5328125 0.14140625 0.17578125
4 0.734375 0.665625 0.4296875 0.2609375
4 0.31875 0.25078125 0.08515625 0.146875
4 0.2953125 0.17734375 0.08359375 0.1859375
4 0.3796875 0.10234375 0.075 0.17265625
1 0.36796875 0.22109375 0.0515625 0.03046875
1 0.46484375 0.41328125 0.06328125 0.0515625
1 0.3890625 0.5265625 0.10078125 0.06640625
1 0.6203125 0.5421875 0.05625 0.04921875
1 0.765625 0.4 0.06640625 0.06484375
1 0.6953125 0.446875 0.06796875 0.04609375
0 0.725 0.578125 0.15390625 0.04453125
0 0.93671875 0.64453125 0.1265625 0.09765625
0 0.8890625 0.60234375 0.11953125 0.1078125
2 0.68515625 0.4671875 0.17578125 0.1078125
0 0.50625 0.38984375 0.1109375 0.0703125
3 0.3 0.43671875 0.165625 0.08046875
2 0.15625 0.4265625 0.0953125 0.075
6 0.21328125 0.22421875 0.11953125 0.17890625
2 0.30546875 0.6578125 0.15703125 0.08671875