4 0.7125 0.121875 0.575 0.24375
4 0.6390625 0.425 0.721875 0.2015625
2 0.6625 0.25234375 0.1671875 0.1359375
1 0.72890625 0.26328125 0.1078125 0.15625
0 0.753125 0.24140625 0.04375 0.14375
1 0.8484375 0.19765625 0.06875 0.1140625
0 0.928125 0.16015625 0.059375 0.0859375
1 0.93125 0.69609375 0.0625 0.1109375
1 0.87890625 0.6796875 0.05625 0.134375
0 0.7125 0.63984375 0.178125 0.1328125
1 0.53203125 0.609375 0.1359375 0.1265625
2 0.546875 0.7765625 0.209375 0.165625
3 0.74453125 0.853125 0.228125 0.1953125
0 0.51875 0.96015625 0.253125 0.0796875
2 0.9296875 0.95 0.11875 0.1
4 0.784375 0.97109375 0.196875 0.0578125
