0 0.03125 0.725 0.06171875 0.2734375
0 0.04140625 0.7703125 0.08203125 0.30546875
0 0.228125 0.834375 0.296875 0.23984375
0 0.459375 0.73671875 0.19921875 0.25546875
0 0.1609375 0.69609375 0.12578125 0.2984375
1 0.0546875 0.45078125 0.10859375 0.0640625
2 0.20234375 0.453125 0.16328125 0.13984375
2 0.340625 0.475 0.2640625 0.23046875
2 0.596875 0.39375 0.18203125 0.11875
4 0.68515625 0.8 0.22265625 0.14765625
4 0.8640625 0.5359375 0.271875 0.28125
4 0.8734375 0.31328125 0.253125 0.3546875
4 0.1609375 0.16640625 0.228125 0.3328125
4 0.42265625 0.13125 0.178125 0.26171875