0 0.26328125 0.3765625 0.05 0.178125
0 0.23984375 0.23515624999999996 0.1109375 0.0640625
0 0.27734375 0.28593749999999996 0.0921875 0.0703125
0 0.2296875 0.39296875 0.0671875 0.1296875
0 0.228125 0.46640625 0.0640625 0.11875
0 0.18203125 0.48984375 0.09375 0.0375
1 0.1765625 0.56953125 0.0671875 0.0578125
1 0.50703125 0.34609375 0.04375 0.10625
1 0.55390625 0.24765625000000002 0.075 0.0671875
1 0.4859375 0.17656249999999996 0.0765625 0.0671875
1 0.43671875 0.25859374999999996 0.03125 0.1140625
1 0.44140625 0.4203125 0.0578125 0.04375
2 0.60234375 0.39375000000000004 0.08125 0.1046875
2 0.7015625 0.553125 0.06875 0.1171875
4 0.71484375 0.35546875 0.0734375 0.103125
4 0.5171875 0.6 0.0703125 0.3203125
4 0.56796875 0.684375 0.0765625 0.115625
4 0.5375 0.828125 0.2203125 0.1078125
4 0.2984375 0.82734375 0.209375 0.2171875
2 0.33984375 0.57890625 0.0671875 0.16875
6 0.4265625 0.63359375 0.0875 0.2890625
3 0.7953125 0.6953125 0.1453125 0.2125
