4 0.53984375 0.5828125 0.146875 0.37890625
4 0.63359375 0.40625 0.13046875 0.4453125
4 0.365625 0.3984375 0.1359375 0.12578125
3 0.45390624999999996 0.63125 0.0765625 0.26796875
2 0.31171875000000004 0.58359375 0.10625 0.15390625
2 0.746875 0.5578125 0.103125 0.20078125
1 0.7984375 0.71015625 0.03828125 0.09296875
1 0.71328125 0.37265625 0.03125 0.11484375
1 0.59453125 0.6859375 0.05625 0.12109375
1 0.54453125 0.38828125 0.065625 0.115625
0 0.7609375 0.325 0.0875 0.090625
0 0.846875 0.31796875 0.05546875 0.175
0 0.85859375 0.26953125 0.059375 0.12890625
0 0.6171875 0.76328125 0.09453125 0.165625
2 0.5296875 0.34921875 0.075 0.13515625
1 0.7671875 0.5671875 0.05 0.071875
