4 0.82890625 0.2078125 0.25859375 0.2453125
4 0.675 0.2296875 0.18671875 0.23359375
1 0.196875 0.2859375 0.15 0.09140625
1 0.12578125 0.41953125 0.1671875 0.05078125
0 0.1 0.28515625 0.2 0.11484375
0 0.10859375 0.57421875 0.2171875 0.2234375
0 0.18203125 0.72734375 0.3640625 0.12421875
0 0.509375 0.825 0.2921875 0.35
0 0.5671875 0.66171875 0.2703125 0.19453125
0 0.37265625 0.58671875 0.16953125 0.13203125
1 0.734375 0.92734375 0.25703125 0.09375
2 0.26640625 0.44296875 0.32109375 0.24140625
2 0.30703125 0.62734375 0.2296875 0.1109375
3 0.51484375 0.43515625 0.32109375 0.17734375
1 0.49140625 0.2921875 0.0875 0.10078125
6 0.57890625 0.42890625 0.303125 0.31328125
2 0.58671875 0.73359375 0.2296875 0.1671875