6 0.72890625 0.41484375 0.1546875 0.4390625
4 0.81328125 0.14453125 0.10625 0.2890625
4 0.89296875 0.146875 0.128125 0.29375
1 0.425 0.44375 0.103125 0.0984375
1 0.57890625 0.4828125 0.121875 0.075
1 0.5765625 0.128125 0.05625 0.071875
1 0.61171875 0.10546875 0.05 0.0734375
1 0.67421875 0.09921875 0.0953125 0.053125
1 0.7109375 0.13125 0.090625 0.0390625
0 0.58671875 0.11328125 0.0890625 0.1
0 0.39609375 0.63671875 0.0515625 0.2546875
0 0.5484375 0.6265625 0.1453125 0.2046875
0 0.71171875 0.725 0.23125 0.1671875
3 0.7171875 0.1734375 0.1296875 0.0875
2 0.55390625 0.37265625 0.203125 0.1828125