0 0.02890625 0.165625 0.0578125 0.07109375
1 0.18359375 0.05234375 0.11328125 0.05
0 0.296875 0.65625 0.11484375 0.1015625
0 0.575 0.5625 0.09609375 0.059375
1 0.3125 0.46171875 0.09375 0.0578125
4 0.465625 0.528125 0.2796875 0.53046875
4 0.41171875 0.2109375 0.1796875 0.42109375
4 0.31875 0.16640625 0.0921875 0.31015625
4 0.34296875 0.02578125 0.084375 0.0515625
4 0.4984375 0.02421875 0.0765625 0.04765625
6 0.5625 0.14140625 0.1875 0.2828125
3 0.2453125 0.10625 0.07890625 0.04609375
1 0.08515625 0.14296875 0.1 0.059375
2 0.23203125 0.009375 0.1109375 0.01875
4 0.05625 0.01328125 0.1125 0.0265625