6 0.77734375 0.37109375 0.17578125 0.4984375
4 0.87265625 0.1140625 0.1203125 0.228125
4 0.94453125 0.1171875 0.1109375 0.234375
1 0.4328125 0.40390625 0.1171875 0.11171875
1 0.60703125 0.4484375 0.13828125 0.08515625
1 0.6046875 0.04609375 0.0640625 0.08125
1 0.64375 0.03125 0.05703125 0.06171875
1 0.715625 0.02109375 0.1078125 0.0421875
1 0.75703125 0.05 0.103125 0.04453125
0 0.615625 0.0421875 0.1 0.084375
0 0.4 0.6234375 0.05859375 0.2890625
0 0.57265625 0.61171875 0.16484375 0.23203125
0 0.7578125 0.7234375 0.2625 0.18984375
3 0.7640625 0.09765625 0.146875 0.09921875
2 0.57890625 0.3234375 0.23046875 0.2078125