4 0.8515625 0.65625 0.2078125 0.196875
4 0.728125 0.6390625 0.15 0.1875
1 0.34375 0.59375 0.1203125 0.0734375
1 0.12734375 0.5125 0.11875 0.059375
1 0.28671875 0.48671875 0.134375 0.040625
0 0.22890625 0.59453125 0.2359375 0.0921875
0 0.2671875 0.36171875 0.1875 0.1796875
0 0.32734375 0.23828125 0.303125 0.1
0 0.5953125 0.16015625 0.234375 0.28125
0 0.64140625 0.29218750000000004 0.2171875 0.15625
0 0.48515625 0.35234374999999996 0.1359375 0.10625
1 0.77578125 0.07890624999999996 0.20625 0.075
2 0.4 0.46796875000000004 0.2578125 0.19375
2 0.4328125 0.31953125000000004 0.184375 0.0890625
3 0.59921875 0.47421875 0.2578125 0.1421875
1 0.58046875 0.5890625 0.0703125 0.08125
6 0.65078125 0.47890625 0.24375 0.2515625
2 0.65703125 0.234375 0.184375 0.134375
