4 0.934375 0.44296875 0.13125 0.2140625
4 0.821875 0.5125 0.1296875 0.1609375
4 0.28203124999999996 0.634375 0.39375 0.2390625
4 0.6625 0.2546875 0.078125 0.134375
4 0.684375 0.1875 0.0765625 0.1703125
4 0.60703125 0.11875 0.06875 0.1578125
1 0.61796875 0.22734375 0.046875 0.028125
1 0.52890625 0.403125 0.0578125 0.046875
1 0.5984375 0.50703125 0.0921875 0.0609375
1 0.38671875 0.52109375 0.0515625 0.0453125
1 0.25390625 0.39140625 0.0609375 0.059375
1 0.31796875 0.434375 0.0625 0.0421875
0 0.290625 0.5546875 0.140625 0.040625
0 0.09062499999999996 0.615625 0.1265625 0.0890625
0 0.140625 0.5765625 0.109375 0.0984375
2 0.32734375000000004 0.453125 0.1609375 0.0984375
0 0.49140625000000004 0.38203125 0.1015625 0.0640625
3 0.6796875 0.425 0.1515625 0.0734375
2 0.81171875 0.415625 0.0875 0.06875
6 0.759375 0.23046875 0.109375 0.1640625
2 0.675 0.62734375 0.14375 0.0796875
