1 0.28437500000000004 0.41640625 0.0734375 0.0703125
1 0.60703125 0.47890625 0.065625 0.0421875
1 0.64453125 0.63984375 0.078125 0.10625
1 0.75 0.66796875 0.090625 0.078125
1 0.684375 0.53125 0.05625 0.09375
1 0.79765625 0.55546875 0.040625 0.096875
4 0.8875 0.41015625 0.1125 0.1625
4 0.7125 0.29765625 0.125 0.2234375
4 0.48671875 0.14453125 0.0640625 0.2890625
4 0.7875 0.08828125 0.1 0.1765625
4 0.7078125 0.065625 0.05625 0.13125
4 0.6859375 0.02890625 0.040625 0.0578125
6 0.74375 0.04296875 0.0640625 0.0859375
3 0.82890625 0.2171875 0.1390625 0.0625
2 0.81171875 0.31875 0.0546875 0.0890625
2 0.81015625 0.43203125 0.0546875 0.09375
2 0.4765625 0.384375 0.0859375 0.1484375
0 0.49687499999999996 0.66484375 0.06875 0.159375
0 0.390625 0.7234375 0.1390625 0.0421875
0 0.42578125 0.62421875 0.090625 0.1765625
0 0.36328125 0.575 0.0875 0.140625
0 0.32421875 0.5359375 0.090625 0.128125
0 0.30781250000000004 0.47734375 0.103125 0.09375
