0 0.11015625 0.58203125 0.1515625 0.109375
0 0.1078125 0.59765625 0.1546875 0.11875
0 0.18359375 0.62421875 0.22890625 0.10234375
0 0.309375 0.59921875 0.12421875 0.07890625
0 0.20703125 0.55390625 0.11640625 0.1
1 0.15859375 0.4671875 0.04765625 0.1265625
1 0.22421875 0.4875 0.0671875 0.02109375
2 0.2984375 0.4765625 0.0796875 0.0609375
2 0.3171875 0.49140625 0.09375 0.07421875
2 0.48984375 0.4515625 0.07734375 0.05859375
4 0.4015625 0.43515625 0.1203125 0.42265625
4 0.32265625 0.3015625 0.08203125 0.30234375
4 0.4234375 0.2484375 0.0921875 0.36328125
4 0.5875 0.2796875 0.0875 0.42578125
4 0.678125 0.27734375 0.09296875 0.52890625