0 0.44453125 0.54609375 0.5203125 0.1453125
3 0.7109375 0.690625 0.3078125 0.184375
2 0.28125 0.6890625 0.2640625 0.1234375
1 0.18359375 0.77890625 0.1890625 0.065625
1 0.13125 0.86875 0.1453125 0.0984375
2 0.1 0.9640625 0.2 0.071875
1 0.2296875 0.9640625 0.1078125 0.0421875
0 0.234375 0.98125 0.121875 0.0375
0 0.4515625 0.8046875 0.328125 0.0625
1 0.74765625 0.83359375 0.190625 0.084375
1 0.859375 0.84296875 0.1625 0.06875
4 0.50703125 0.93984375 0.11875 0.1203125
4 0.87109375 0.7125 0.2578125 0.4078125
0 0.9703125 0.49609375 0.059375 0.2125
