4 0.09765625 0.3140625 0.1671875 0.27265625
4 0.7875 0.265625 0.11796875 0.3171875
6 0.5109375 0.25 0.3765625 0.13125
4 0.240625 0.303125 0.27265625 0.35703125
5 0.75625 0.63359375 0.39765625 0.146875
5 0.61015625 0.16796875 0.23828125 0.06015625
2 0.29609375 0.72265625 0.15859375 0.184375
1 0.2578125 0.528125 0.221875 0.0671875
1 0.51328125 0.50546875 0.1125 0.1296875
1 0.56953125 0.69609375 0.2046875 0.115625
1 0.7609375 0.5453125 0.1546875 0.06171875
1 0.89296875 0.4609375 0.06171875 0.10625
1 0.59375 0.39140625 0.146875 0.0625
1 0.6984375 0.37421875 0.05703125 0.12421875