1 0.09609375 0.51328125 0.07421875 0.10859375
1 0.428125 0.3359375 0.08359375 0.0796875
1 0.36953125 0.6546875 0.06640625 0.15234375
1 0.59296875 0.4453125 0.03359375 0.115625
1 0.25234375 0.41484375 0.0390625 0.0765625
2 0.27578125 0.43046875 0.12578125 0.18046875
2 0.7890625 0.775 0.16171875 0.1328125
2 0.62578125 0.4296875 0.065625 0.1359375
0 0.284375 0.709375 0.0546875 0.2359375
0 0.321875 0.22109375 0.134375 0.11640625
0 0.40390625 0.278125 0.12421875 0.04140625
0 0.34140625 0.19609375 0.12265625 0.04375
3 0.6078125 0.734375 0.1328125 0.30703125
4 0.49765625 0.60703125 0.1671875 0.4265625
4 0.4921875 0.40078125 0.3234375 0.3296875
4 0.85546875 0.4859375 0.146875 0.3390625