6 0.41093749999999996 0.39765625 0.2015625 0.3796875
2 0.63046875 0.43125 0.2765625 0.1875
2 0.715625 0.30390625 0.1203125 0.1125
2 0.09296875000000004 0.1203125 0.1609375 0.0453125
3 0.8734375 0.37265625 0.253125 0.1265625
3 0.3140625 0.16015625 0.1125 0.1359375
0 0.41718750000000004 0.2328125 0.184375 0.0859375
0 0.13046875000000002 0.28359375 0.2609375 0.0484375
0 0.07968750000000002 0.20078125 0.159375 0.08125
4 0.6953125 0.12109375 0.290625 0.190625
1 0.15546875000000004 0.21171875 0.1515625 0.0484375
1 0.08203125 0.021875 0.1203125 0.04375
1 0.06796875000000002 0.059375 0.1359375 0.0328125
