1 0.51015625 0.8578125 0.10078125 0.06875
1 0.34453125 0.5484375 0.07421875 0.078125
1 0.64140625 0.60234375 0.1421875 0.0625
1 0.446875 0.39375000000000004 0.1078125 0.03125
1 0.41796875 0.71171875 0.07109375 0.03671875
2 0.4328125 0.68984375 0.16796875 0.1171875
2 0.753125 0.21171874999999996 0.12421875 0.15078125
2 0.43203125 0.36406249999999996 0.1265625 0.06171875
0 0.6921875 0.68203125 0.21953125 0.05078125
0 0.2375 0.646875 0.10859375 0.125
0 0.29140625 0.5703125 0.03828125 0.11640625
0 0.21484375 0.62890625 0.04140625 0.11484375
3 0.715625 0.38046875 0.2859375 0.12421875
4 0.596875 0.4828125 0.396875 0.15546875
4 0.40546875 0.48828125 0.30703125 0.30078125
4 0.484375 0.15000000000000002 0.315625 0.13671875
