0 0.47421875 0.775 0.3046875 0.2046875
0 0.82578125 0.7453125 0.3484375 0.509375
0 0.1640625 0.3125 0.0921875 0.06875
1 0.14296875 0.40156250000000004 0.0625 0.0859375
1 0.48515625 0.050000000000000044 0.1296875 0.1
1 0.525 0.1953125 0.11875 0.1796875
1 0.31640625 0.70859375 0.0796875 0.1984375
1 0.10859375 0.740625 0.059375 0.1109375
2 0.0765625 0.76171875 0.1015625 0.1375
4 0.27890625 0.41484374999999996 0.4578125 0.5796875
4 0.075 0.51171875 0.10625 0.3453125
2 0.4078125 0.43671875000000004 0.209375 0.2515625
