1 0.15546875 0.80078125 0.1296875 0.071875
1 0.4171875 0.5875 0.1015625 0.0890625
1 0.66015625 0.621875 0.053125 0.0890625
1 0.55078125 0.753125 0.1140625 0.0359375
0 0.47265625 0.8921875 0.1875 0.0625
0 0.546875 0.81484375 0.1578125 0.0828125
0 0.47265625 0.921875 0.10625 0.0359375
1 0.3515625 0.78046875 0.0484375 0.0640625
2 0.3671875 0.76015625 0.1734375 0.1375
0 0.3234375 0.5828125 0.08125 0.1328125
3 0.5875 0.46875 0.1125 0.1765625
2 0.72578125 0.37265625 0.1640625 0.090625
4 0.2609375 0.303125 0.1609375 0.1296875
6 0.3515625 0.10078125000000004 0.25 0.1625
4 0.0640625 0.09140625000000002 0.128125 0.159375
4 0.9125 0.596875 0.175 0.1375
4 0.928125 0.47734374999999996 0.14375 0.1171875
2 0.825 0.66484375 0.115625 0.0796875
4 0.6546875 0.8203125 0.1265625 0.2140625
