4 0.228125 0.91484375 0.265625 0.1703125
4 0.08828125 0.0390625 0.1765625 0.078125
0 0.1828125 0.34453125 0.05859375 0.26953125
0 0.259375 0.63984375 0.11015625 0.253125
0 0.38359375 0.565625 0.0421875 0.29296875
0 0.54609375 0.5359375 0.1796875 0.20546875
0 0.6171875 0.72265625 0.22890625 0.18671875
0 0.87890625 0.5734375 0.1828125 0.40859375
3 0.3171875 0.25078125 0.15234375 0.309375
1 0.3265625 0.509375 0.0765625 0.16875
1 0.6421875 0.26171875 0.128125 0.15
1 0.72734375 0.14296875 0.1609375 0.10234375
1 0.77109375 0.36484375 0.12265625 0.1578125
1 0.85234375 0.2875 0.17421875 0.171875
1 0.6640625 0.53046875 0.13359375 0.16328125
1 0.45 0.765625 0.10078125 0.084375
2 0.47265625 0.4 0.1296875 0.15390625