0 0.61015625 0.53984375 0.1875 0.1640625
0 0.61953125 0.62734375 0.1984375 0.1265625
0 0.46484375 0.4234375 0.1828125 0.078125
1 0.41953125 0.3359375 0.09375 0.1109375
1 0.7 0.16015625 0.0421875 0.096875
1 0.57578125 0.20546875 0.05 0.084375
1 0.42265625 0.0546875 0.034375 0.046875
0 0.47421875 0.059375 0.05625 0.1171875
2 0.55703125 0.23515625 0.1171875 0.1734375
4 0.30390625 0.215625 0.3234375 0.315625
4 0.3078125 0.096875 0.146875 0.19375
3 0.25078125 0.0515625 0.1140625 0.103125
2 0.2015625 0.19375 0.06875 0.1015625
2 0.159375 0.03203125 0.096875 0.0640625
4 0.0828125 0.0609375 0.10625 0.121875