4 0.2234375 0.5609375 0.196875 0.20390625
4 0.34140625 0.43125 0.32890625 0.075
4 0.55703125 0.41484375 0.34375 0.1859375
2 0.14140625 0.5875 0.07265625 0.1
2 0.50703125 0.50078125 0.1265625 0.04375
2 0.55234375 0.30703125 0.18046875 0.053125
1 0.32734375 0.3875 0.11015625 0.021875
1 0.50234375 0.478125 0.13046875 0.0234375
1 0.48125 0.25234375 0.08515625 0.02421875
1 0.54140625 0.29140625 0.065625 0.0234375
1 0.6671875 0.3640625 0.10703125 0.0484375
0 0.30625 0.359375 0.16484375 0.0359375
0 0.75234375 0.3421875 0.0375 0.07578125
0 0.84375 0.2796875 0.14609375 0.06171875
0 0.90390625 0.28203125 0.084375 0.07109375
0 0.26328125 0.5078125 0.175 0.059375