4 0.05078125 0.32890625 0.1015625 0.2625
4 0.159375 0.4140625 0.159375 0.19765625
4 0.7890625 0.5625 0.42109375 0.29296875
4 0.3546875 0.09765625 0.09609375 0.16484375
4 0.3265625 0.059375 0.09375 0.11875
1 0.409375 0.0640625 0.0578125 0.034375
1 0.51796875 0.2796875 0.07109375 0.0578125
1 0.4328125 0.40703125 0.11328125 0.075
1 0.6921875 0.42421875 0.06328125 0.05546875
1 0.85546875 0.265625 0.075 0.07265625
1 0.7765625 0.31796875 0.0765625 0.0515625
0 0.81015625 0.465625 0.17265625 0.05
0 0.96328125 0.49140625 0.07265625 0.1203125
2 0.765625 0.340625 0.19765625 0.1203125
0 0.5640625 0.25390625 0.12421875 0.07890625
3 0.33359375 0.30625 0.1859375 0.08984375
2 0.17109375 0.2953125 0.10703125 0.084375
6 0.2359375 0.084375 0.134375 0.16875
2 0.3390625 0.5546875 0.1765625 0.09765625