4 0.196875 0.74765625 0.128125 0.259375
4 0.059375 0.13593750000000004 0.11875 0.1890625
4 0.9 0.57265625 0.2 0.353125
4 0.5765625 0.83203125 0.0984375 0.3359375
4 0.33203125 0.8359375 0.1234375 0.328125
4 0.43203125 0.5015625 0.0890625 0.2390625
3 0.184375 0.20546874999999998 0.19375 0.1953125
0 0.040625 0.35468750000000004 0.08125 0.2625
0 0.28359375 0.40703124999999996 0.0625 0.2109375
0 0.49921875 0.6453125 0.0890625 0.1546875
0 0.703125 0.596875 0.040625 0.09375
1 0.41015625 0.11015624999999996 0.075 0.171875
1 0.36796875 0.21250000000000002 0.0859375 0.16875
1 0.21953125 0.5359375 0.0453125 0.103125
1 0.3125 0.6015625 0.1046875 0.0546875
1 0.44296875 0.63046875 0.0359375 0.1125
1 0.5859375 0.6109375 0.0375 0.11875
2 0.4046875 0.671875 0.0671875 0.1234375
2 0.14140625 0.46796875000000004 0.084375 0.1359375
