4 0.096875 0.23671875 0.14453125 0.2921875
4 0.88828125 0.4328125 0.2234375 0.39765625
4 0.5234375 0.165625 0.1109375 0.33125
4 0.24921875 0.1609375 0.1390625 0.321875
4 0.36171875 0.5140625 0.1 0.26953125
3 0.09609375 0.84765625 0.1921875 0.2203125
0 0.19453125 0.6203125 0.0703125 0.2375
0 0.4375 0.35234375 0.1 0.17421875
0 0.6671875 0.40703125 0.04609375 0.10546875
1 0.3359375 0.928125 0.084375 0.14375
1 0.28984375 0.83984375 0.096875 0.18984375
1 0.12265625 0.475 0.05078125 0.11640625
1 0.22734375 0.4015625 0.11796875 0.06171875
1 0.37421875 0.36875 0.040625 0.1265625
1 0.53515625 0.390625 0.0421875 0.13359375
2 0.33125 0.321875 0.07578125 0.1390625
2 0.040625 0.5515625 0.08125 0.153125