3 0.05390625 0.2015625 0.10234375 0.1515625
3 0.396875 0.3625 0.17109375 0.140625
0 0.5390625 0.7296875 0.153125 0.1796875
0 0.24609375 0.56953125 0.053125 0.2078125
0 0.265625 0.35 0.07734375 0.15
0 0.8046875 0.38671875 0.15703125 0.14609375
0 0.3765625 0.55703125 0.08125 0.1953125
0 0.46015625 0.5640625 0.10234375 0.1796875
4 0.34140625 0.11953125 0.24453125 0.0984375
4 0.175 0.709375 0.178125 0.2609375
1 0.3796875 0.71796875 0.10703125 0.04921875
1 0.340625 0.5015625 0.03359375 0.10390625
1 0.61015625 0.62578125 0.09140625 0.13359375
1 0.6359375 0.465625 0.0703125 0.11796875
1 0.70703125 0.43203125 0.0984375 0.0828125
1 0.709375 0.5609375 0.07421875 0.11640625
1 0.76953125 0.53671875 0.0984375 0.1140625
0 0.74609375 0.71484375 0.15703125 0.22890625
2 0.48125 0.4921875 0.0703125 0.13046875