0 0.1921875 0.628125 0.0640625 0.25078125
0 0.36328125 0.51953125 0.1984375 0.18125
0 0.45 0.384375 0.13203125 0.21015625
0 0.44609375 0.309375 0.17421875 0.13359375
0 0.51796875 0.33984375 0.1640625 0.1828125
3 0.45625 0.3203125 0.103125 0.30859375
1 0.4015625 0.45234375 0.12890625 0.0578125
1 0.23984375 0.7109375 0.11015625 0.09453125
1 0.91875 0.56015625 0.1015625 0.12890625
1 0.9171875 0.496875 0.1 0.115625
1 0.97109375 0.4484375 0.05078125 0.15390625
1 0.9921875 0.3765625 0.015625 0.084375
1 0.9703125 0.27890625 0.059375 0.1234375
0 0.8421875 0.25625 0.2015625 0.11171875
2 0.8765625 0.3578125 0.12578125 0.1578125