0 0.05390625 0.665625 0.1078125 0.23828125
0 0.07265625 0.70625 0.1078125 0.26640625
0 0.253125 0.76171875 0.259375 0.209375
0 0.4546875 0.6765625 0.1734375 0.22265625
0 0.19453125 0.640625 0.109375 0.26015625
1 0.02109375 0.46953125 0.0421875 0.09296875
1 0.07890625 0.42734375 0.140625 0.05625
2 0.23046875 0.428125 0.1421875 0.121875
2 0.3515625 0.44765625 0.23046875 0.2015625
2 0.575 0.3765625 0.159375 0.10390625
4 0.65234375 0.73125 0.19453125 0.12890625
4 0.84453125 0.50078125 0.31015625 0.24609375
4 0.853125 0.30625 0.29375 0.309375
4 0.1953125 0.16328125 0.2 0.32265625
4 0.421875 0.13046875 0.15625 0.2609375