6 0.8703125 0.5703125 0.21484375 0.6109375
4 0.95625 0.19765625 0.08671875 0.3953125
1 0.44765625 0.6109375 0.14375 0.13671875
1 0.66171875 0.66484375 0.16953125 0.1046875
1 0.65859375 0.171875 0.078125 0.1
1 0.7078125 0.13984375 0.06953125 0.10234375
1 0.79453125 0.13125 0.1328125 0.07421875
1 0.8453125 0.17578125 0.12578125 0.0546875
0 0.67265625 0.15078125 0.12421875 0.1390625
0 0.4078125 0.85078125 0.071875 0.29765625
0 0.61875 0.8609375 0.20234375 0.278125
0 0.8421875 0.9421875 0.31484375 0.11484375
3 0.8546875 0.23515625 0.18046875 0.121875
2 0.62734375 0.51171875 0.2828125 0.2546875