4 0.1515625 0.4796875 0.1109375 0.24296875
4 0.2734375 0.45078125 0.1734375 0.36953125
4 0.884375 0.240625 0.23125 0.48125
6 0.5734375 0.3078125 0.49453125 0.23671875
5 0.73671875 0.15 0.3234375 0.1546875
5 0.77265625 0.8 0.4546875 0.20390625
2 0.26640625 0.89609375 0.1203125 0.196875
1 0.29453125 0.68359375 0.1828125 0.08671875
1 0.54921875 0.8671875 0.20703125 0.1390625
1 0.53359375 0.63046875 0.0984375 0.165625
1 0.55390625 0.4578125 0.17109375 0.1125
1 0.7 0.43359375 0.1015625 0.15078125
1 0.83359375 0.66796875 0.20703125 0.0796875