4 0.16015625 0.26328125 0.24140625 0.5265625
4 0.01328125 0.45234375 0.0265625 0.2515625
6 0.19453125 0.0375 0.14296875 0.075
3 0.325 0.18359375 0.21953125 0.1265625
1 0.49375 0.37421875 0.16640625 0.13203125
2 0.34609375 0.76328125 0.24140625 0.2515625
1 0.5421875 0.11015625 0.10546875 0.10703125
0 0.584375 0.0515625 0.165625 0.103125
1 0.93046875 0.0390625 0.0984375 0.078125
1 0.8390625 0.3890625 0.0875 0.1890625
2 0.8765625 0.29140625 0.24609375 0.24296875
0 0.94453125 0.4453125 0.0984375 0.275
4 0.94765625 0.553125 0.1046875 0.43125