4 0.84140625 0.27265625 0.1671875 0.08125
6 0.69296875 0.2875 0.2296875 0.1015625
4 0.68046875 0.13984375 0.1765625 0.1171875
4 0.46484375 0.18984375 0.2828125 0.1375
4 0.57734375 0.67109375 0.35 0.1171875
4 0.34843749999999996 0.3140625 0.2109375 0.0859375
4 0.60546875 0.40078125 0.203125 0.071875
1 0.5921875 0.53359375 0.046875 0.0765625
1 0.55390625 0.51328125 0.040625 0.08125
1 0.34843749999999996 0.4140625 0.075 0.0765625
1 0.3828125 0.34296875 0.0859375 0.05
1 0.5515625 0.26171875 0.05625 0.0796875
1 0.46796875000000004 0.28359375 0.0578125 0.0875
0 0.61484375 0.2296875 0.0609375 0.0765625
0 0.5703125 0.225 0.04375 0.0671875
0 0.49609375 0.26015625 0.03125 0.1
0 0.44375 0.46015625 0.1078125 0.090625
0 0.43125 0.696875 0.103125 0.065625
0 0.31718749999999996 0.5828125 0.1390625 0.1375
3 0.45546875 0.56640625 0.1390625 0.0546875
2 0.43203125 0.26875 0.0765625 0.0671875
2 0.5375 0.71953125 0.134375 0.1125
