6 0.41484375 0.27109375 0.4390625 0.1546875
4 0.14453125 0.18671875000000004 0.2890625 0.10625
4 0.146875 0.10703125000000002 0.29375 0.128125
1 0.44375 0.575 0.0984375 0.103125
1 0.4828125 0.42109375000000004 0.075 0.121875
1 0.128125 0.4234375 0.071875 0.05625
1 0.10546875 0.38828125 0.0734375 0.05
1 0.09921875 0.32578125 0.053125 0.0953125
1 0.13125 0.2890625 0.0390625 0.090625
0 0.11328125 0.41328125000000004 0.1 0.0890625
0 0.63671875 0.60390625 0.2546875 0.0515625
0 0.6265625 0.4515625 0.2046875 0.1453125
0 0.725 0.28828125000000004 0.1671875 0.23125
3 0.1734375 0.2828125 0.0875 0.1296875
2 0.37265625 0.44609374999999996 0.1828125 0.203125
