0 0.83671875 0.70703125 0.1078125 0.19453125
0 0.81171875 0.73984375 0.0875 0.21796875
0 0.6640625 0.78515625 0.21171875 0.17109375
0 0.49921875000000004 0.715625 0.14140625 0.18203125
0 0.7125 0.6859375 0.0890625 0.21328125
1 0.88203125 0.54609375 0.09140625 0.07578125
1 0.80625 0.51171875 0.11484375 0.04609375
2 0.6828125 0.5125 0.115625 0.1
2 0.58359375 0.528125 0.18828125 0.16484375
2 0.40156250000000004 0.4703125 0.1296875 0.08515625
4 0.33828125 0.76015625 0.15859375 0.10546875
4 0.15390625000000002 0.571875 0.3078125 0.20078125
4 0.15703124999999996 0.4125 0.27578125 0.25234375
4 0.71171875 0.29609375 0.16328125 0.2640625
4 0.525 0.19921875 0.1265625 0.3546875
