0 0.721875 0.2828125 0.234375 0.065625
0 0.90859375 0.25234375 0.084375 0.14609375
0 0.84140625 0.3015625 0.09296875 0.12109375
0 0.70078125 0.2390625 0.17109375 0.08828125
0 0.60390625 0.23671875 0.15625 0.084375
0 0.57265625 0.17578125 0.04921875 0.1234375
1 0.46796875 0.16875 0.07578125 0.08828125
1 0.7625 0.60390625 0.13984375 0.0578125
1 0.8921875 0.665625 0.08828125 0.0984375
1 0.9703125 0.575 0.059375 0.10078125
1 0.87734375 0.5109375 0.15 0.04140625
1 0.66484375 0.5171875 0.0578125 0.07578125
2 0.69921875 0.7296875 0.1375 0.10703125
2 0.48984375 0.86015625 0.1546875 0.090625
4 0.75 0.87734375 0.1359375 0.096875
4 0.428125 0.6171875 0.421875 0.09296875
4 0.3171875 0.684375 0.15234375 0.10078125
4 0.12734375 0.64375 0.1421875 0.28984375
4 0.1359375 0.32890625 0.271875 0.27578125
2 0.45546875 0.38359375 0.221875 0.08828125
6 0.38359375 0.49765625 0.38046875 0.11484375
3 0.30234375 0.94296875 0.2796875 0.1140625