3 0.34296875000000004 0.5390625 0.4046875 0.1625
3 0.53203125 0.71953125 0.15859375 0.37265625
6 0.32343750000000004 0.2203125 0.40078125 0.36015625
1 0.46953124999999996 0.3125 0.0890625 0.153125
1 0.49921875000000004 0.4640625 0.1921875 0.08125
1 0.6484375 0.434375 0.09765625 0.09765625
1 0.72578125 0.6203125 0.1234375 0.12890625
1 0.925 0.815625 0.08359375 0.11953125
1 0.9203125 0.92421875 0.06953125 0.13359375
1 0.878125 0.9484375 0.084375 0.0921875
5 0.66875 0.32578125 0.234375 0.20859375
5 0.82421875 0.54765625 0.23984375 0.096875
2 0.71953125 0.70859375 0.1171875 0.16796875
4 0.81484375 0.46171875 0.24375 0.07890625
