1 0.45625000000000004 0.05390625 0.0921875 0.10625
1 0.6953125 0.11328125 0.06875 0.0765625
1 0.8234375 0.44609375 0.0609375 0.0859375
1 0.76015625 0.41328125 0.05 0.0859375
1 0.5703125 0.41640625 0.1265625 0.0828125
0 0.75703125 0.11953125 0.053125 0.0953125
2 0.41640625 0.04296875 0.15625 0.0859375
4 0.5921875 0.0640625 0.221875 0.128125
0 0.57265625 0.5484375 0.15625 0.1734375
0 0.63359375 0.75078125 0.1640625 0.121875
0 0.60546875 0.81953125 0.19375 0.04375
2 0.7234375 0.41484375 0.128125 0.221875
4 0.521875 0.16015625 0.51875 0.19375
