4 0.40859375 0.81796875 0.1328125 0.3640625
4 0.15859375 0.36328125 0.13671875 0.39453125
4 0.34765625 0.60546875 0.27421875 0.1390625
4 0.4609375 0.434375 0.05390625 0.26328125
4 0.38984375 0.45859375 0.12421875 0.23046875
6 0.31015625 0.44375 0.10546875 0.20546875
2 0.24375 0.4046875 0.11171875 0.1203125
0 0.24921875 0.2875 0.05625 0.0875
0 0.29375 0.26328125 0.07890625 0.0578125
0 0.27421875 0.23046875 0.09921875 0.0375
0 0.2109375 0.2859375 0.02890625 0.0828125
0 0.09921875 0.3125 0.0578125 0.03125
1 0.07890625 0.35546875 0.0625 0.06015625
2 0.61015625 0.49765625 0.06875 0.1078125
2 0.55703125 0.3859375 0.09375 0.0703125
1 0.540625 0.3078125 0.0625 0.0625
1 0.49765625 0.26328125 0.07265625 0.02734375
1 0.43359375 0.28828125 0.04765625 0.0625
1 0.3921875 0.35234375 0.0640625 0.02734375
1 0.49296875 0.33828125 0.0390625 0.05390625
3 0.6890625 0.6203125 0.1453125 0.171875
4 0.6703125 0.31640625 0.06875 0.24296875