0 0.66796875 0.671875 0.10859375 0.1609375
0 0.6671875 0.56640625 0.13984375 0.12734375
0 0.5359375 0.725 0.23515625 0.12734375
0 0.490625 0.73203125 0.22578125 0.1359375
1 0.2765625 0.6515625 0.0546875 0.096875
1 0.23984375 0.62578125 0.0984375 0.071875
2 0.346875 0.55546875 0.11953125 0.09453125
2 0.4203125 0.51875 0.2140625 0.13984375
2 0.4515625 0.42578125 0.11640625 0.03828125
4 0.15234375 0.38046875 0.17734375 0.290625
4 0.1796875 0.26953125 0.17265625 0.34296875
4 0.5765625 0.2859375 0.115625 0.25390625
4 0.71484375 0.33203125 0.16875 0.2734375
4 0.79140625 0.46328125 0.1390625 0.1890625
0 0.53515625 0.6421875 0.2625 0.10078125