1 0.21953125 0.36250000000000004 0.0875 0.0671875
1 0.178125 0.61328125 0.053125 0.0609375
1 0.203125 0.50703125 0.065625 0.040625
1 0.29765625 0.70390625 0.0828125 0.046875
1 0.38515625 0.59140625 0.0796875 0.05
0 0.40625 0.55078125 0.128125 0.0609375
0 0.10703125 0.5890625 0.09375 0.1046875
0 0.01484375 0.51640625 0.0296875 0.1390625
0 0.9375 0.4703125 0.125 0.103125
0 0.85 0.53203125 0.0765625 0.115625
1 0.8703125 0.44765625 0.096875 0.0625
4 0.76953125 0.675 0.1265625 0.2859375
4 0.628125 0.67578125 0.0546875 0.21875
4 0.3859375 0.8984375 0.0703125 0.203125
4 0.3125 0.85703125 0.0625 0.1640625
4 0.096875 0.6625 0.19375 0.121875
2 0.48671875 0.75859375 0.0796875 0.078125
2 0.228125 0.76796875 0.0640625 0.0765625
3 0.43828125 0.68828125 0.13125 0.0703125
2 0.20703125 0.5125 0.15 0.096875
