2 0.7171875 0.790625 0.16015625 0.24140625
2 0.3390625 0.621875 0.1046875 0.09296875
2 0.3296875 0.39296875 0.07421875 0.0640625
0 0.56015625 0.809375 0.11796875 0.17265625
0 0.35546875 0.7265625 0.1703125 0.13984375
0 0.428125 0.5390625 0.128125 0.0671875
0 0.4671875 0.2703125 0.10625 0.05390625
0 0.4234375 0.28125 0.05390625 0.08125
0 0.37734375 0.35234375 0.0640625 0.103125
3 0.45703125 0.66484375 0.0859375 0.07265625
1 0.62421875 0.534375 0.07109375 0.084375
1 0.5890625 0.5484375 0.02890625 0.0578125
1 0.4328125 0.3234375 0.0640625 0.0578125
1 0.32578125 0.47265625 0.0671875 0.084375
1 0.321875 0.54296875 0.07109375 0.05390625
1 0.36875 0.3890625 0.0625 0.05390625
4 0.225 0.42734375 0.0828125 0.209375
4 0.5375 0.5953125 0.10625 0.40390625
4 0.48515625 0.3609375 0.05546875 0.23671875
4 0.2546875 0.29375 0.11328125 0.28046875
4 0.36796875 0.1875 0.0828125 0.28515625
4 0.5984375 0.1609375 0.07578125 0.25703125
6 0.49921875 0.2359375 0.07109375 0.22109375