3 0.2296875 0.52421875 0.2265625 0.31875
3 0.60703125 0.8125 0.1796875 0.290625
5 0.778125 0.76875 0.34609375 0.33046875
5 0.4328125 0.40859375 0.3484375 0.2703125
6 0.32265625 0.91875 0.3140625 0.1625
1 0.38203125 0.7703125 0.13125 0.10703125
1 0.453125 0.74140625 0.1203125 0.15625
1 0.52734375 0.6421875 0.153125 0.09375
1 0.36640625 0.1046875 0.059375 0.20859375
1 0.584375 0.1234375 0.1875 0.140625
1 0.69375 0.28828125 0.1015625 0.196875
1 0.3796875 0.55390625 0.14921875 0.07890625
4 0.171875 0.271875 0.26484375 0.54296875
2 0.771875 0.5546875 0.20546875 0.1828125