4 0.3375 0.59765625 0.23125 0.3
4 0.15234375 0.47421875 0.2609375 0.3296875
4 0.6640625 0.6984375 0.15703125 0.20625
4 0.51171875 0.25859375 0.0890625 0.278125
4 0.3140625 0.22421875 0.178125 0.35703125
1 0.78515625 0.3921875 0.07265625 0.0890625
1 0.690625 0.40234375 0.0875 0.04921875
2 0.559375 0.48046875 0.24765625 0.12421875
2 0.6140625 0.43828125 0.12109375 0.06171875
0 0.675 0.6453125 0.25 0.0921875
0 0.828125 0.6171875 0.2765625 0.04765625
0 0.7765625 0.5328125 0.203125 0.146875
0 0.88203125 0.5390625 0.2015625 0.11015625
0 0.86875 0.50625 0.2015625 0.09765625
