1 0.2828125 0.1171875 0.10625 0.059375
1 0.19921875 0.0265625 0.0828125 0.053125
1 0.1296875 0.134375 0.09375 0.08671875
1 0.2078125 0.23203125 0.09921875 0.065625
1 0.37734375 0.18046875 0.0609375 0.090625
2 0.56796875 0.2734375 0.17890625 0.1703125
0 0.2765625 0.43828125 0.1421875 0.1703125
0 0.353125 0.50234375 0.15078125 0.2203125
0 0.2859375 0.62578125 0.10625 0.19296875
0 0.446875 0.56953125 0.09921875 0.190625
0 0.5203125 0.609375 0.08671875 0.215625
0 0.60234375 0.60078125 0.0453125 0.234375
1 0.7 0.5875 0.06953125 0.153125
4 0.74140625 0.09921875 0.153125 0.19765625