4 0.2171875 0.09296875 0.0890625 0.1828125
6 0.23359375 0.25546875 0.1109375 0.25078125
4 0.07265625 0.26875 0.128125 0.19296875
4 0.12734375 0.50390625 0.15 0.30859375
4 0.65234375 0.38125 0.128125 0.38203125
4 0.2625 0.63125 0.09375 0.23046875
4 0.3578125 0.35078125 0.078125 0.221875
1 0.50234375 0.36484375 0.08359375 0.0515625
1 0.48046875 0.40703125 0.0890625 0.04453125
1 0.371875 0.63125 0.08359375 0.08203125
1 0.29453125 0.59375 0.0546875 0.09375
1 0.20546875 0.409375 0.08671875 0.06171875
1 0.2296875 0.50078125 0.0953125 0.06328125
0 0.1703125 0.340625 0.08359375 0.06640625
0 0.165625 0.3890625 0.0734375 0.04765625
0 0.20390625 0.4703125 0.109375 0.034375
0 0.42265625 0.52734375 0.09921875 0.11796875
0 0.68125 0.540625 0.071875 0.1125
0 0.55625 0.665625 0.15 0.1515625
3 0.53828125 0.51484375 0.059375 0.1515625
2 0.21328125 0.53984375 0.0734375 0.08359375
2 0.70546875 0.425 0.12265625 0.146875