0 0.44453125 0.45390625 0.5203125 0.1453125
3 0.7109375 0.309375 0.3078125 0.184375
2 0.28125 0.3109375 0.2640625 0.1234375
1 0.18359375 0.22109375 0.1890625 0.065625
1 0.13125 0.13125 0.1453125 0.0984375
2 0.1 0.0359375 0.2 0.071875
1 0.2296875 0.0359375 0.1078125 0.0421875
0 0.234375 0.01875 0.121875 0.0375
0 0.4515625 0.1953125 0.328125 0.0625
1 0.74765625 0.16640625 0.190625 0.084375
1 0.859375 0.15703125 0.1625 0.06875
4 0.50703125 0.06015625 0.11875 0.1203125
4 0.87109375 0.2875 0.2578125 0.4078125
0 0.9703125 0.50390625 0.059375 0.2125