0 0.6421875 0.5546875 0.2234375 0.1953125
0 0.653125 0.65859375 0.2359375 0.15078125
0 0.46953125 0.41640625 0.2171875 0.09296875
1 0.415625 0.3125 0.11171875 0.13203125
1 0.74921875 0.103125 0.05 0.115625
1 0.6015625 0.15703125 0.059375 0.1
0 0.47890625 0.02578125 0.0671875 0.0515625
2 0.57890625 0.1921875 0.1390625 0.20625
4 0.278125 0.178125 0.384375 0.35625
4 0.2828125 0.071875 0.175 0.14296875
3 0.21484375 0.01796875 0.1359375 0.03515625
2 0.15625 0.14296875 0.08203125 0.12109375
4 0.0390625 0.02890625 0.078125 0.0578125