0 0.57734375 0.896875 0.1515625 0.20625
0 0.57734375 0.759375 0.196875 0.17890625
0 0.3921875 0.94609375 0.33125 0.1078125
0 0.328125 0.94765625 0.315625 0.1046875
1 0.0328125 0.87890625 0.065625 0.1359375
1 0.02265625 0.84140625 0.0453125 0.10078125
2 0.12734375 0.74375 0.1671875 0.1328125
2 0.23125 0.69296875 0.3 0.1953125
2 0.275 0.5625 0.16328125 0.053125
4 0.45 0.36640625 0.1625 0.35546875
4 0.64453125 0.43203125 0.2375 0.3828125
4 0.7515625 0.61484375 0.1953125 0.26484375
0 0.39140625 0.865625 0.36875 0.14140625