4 0.16484375 0.69609375 0.3296875 0.2515625
4 0.546875 0.15078124999999998 0.2640625 0.159375
4 0.7859375 0.7125 0.175 0.2578125
2 0.27265625 0.803125 0.221875 0.1703125
2 0.41953125 0.38984375000000004 0.1296875 0.1375
2 0.95078125 0.31562500000000004 0.0984375 0.171875
1 0.9671875 0.43203125 0.065625 0.0796875
1 0.74609375 0.33125000000000004 0.1953125 0.1171875
1 0.54921875 0.34687500000000004 0.096875 0.109375
1 0.60859375 0.72265625 0.15625 0.0921875
1 0.61640625 0.80234375 0.121875 0.0734375
3 0.41015625 0.60703125 0.1859375 0.1859375
0 0.23046875 0.653125 0.1703125 0.1390625
0 0.26484375 0.42656249999999996 0.1328125 0.1984375
0 0.57265625 0.51953125 0.090625 0.2
4 0.925 0.11484375000000002 0.15 0.228125
