0 0.821875 0.18046875 0.35625 0.3484375
0 0.09453125 0.66796875 0.059375 0.28046875
0 0.20859375 0.6703125 0.2234375 0.25234375
0 0.3703125 0.88828125 0.22578125 0.19765625
0 0.67109375 0.86484375 0.23671875 0.26953125
3 0.02734375 0.26640625 0.0546875 0.3921875
1 0.1796875 0.86484375 0.1078125 0.06328125
1 0.03203125 0.59453125 0.06328125 0.19296875
1 0.45703125 0.471875 0.16015625 0.2234375
1 0.44765625 0.746875 0.17578125 0.190625
1 0.60546875 0.62734375 0.12734375 0.221875
1 0.709375 0.58125 0.18828125 0.21015625
1 0.5796875 0.36328125 0.2234375 0.2015625
2 0.1984375 0.584375 0.16015625 0.23046875