1 0.0890625 0.02109375 0.10390625 0.0421875
1 0.1765625 0.103125 0.11015625 0.0734375
1 0.365625 0.0484375 0.0671875 0.096875
2 0.57734375 0.15 0.19921875 0.1890625
0 0.25390625 0.3328125 0.15859375 0.1890625
0 0.3390625 0.4046875 0.16796875 0.2453125
0 0.26328125 0.54140625 0.11796875 0.2140625
0 0.44296875 0.47890625 0.11015625 0.2125
0 0.52421875 0.5234375 0.096875 0.2390625
0 0.615625 0.51328125 0.05 0.2609375
1 0.72421875 0.49921875 0.07734375 0.16953125
4 0.7703125 0.0328125 0.16953125 0.065625