5 0.2328125 0.7265625 0.36015625 0.403125
5 0.60546875 0.44921875 0.24765625 0.3328125
2 0.4265625 0.77109375 0.1734375 0.2421875
3 0.24609375 0.509375 0.28359375 0.14375
3 0.5546875 0.20859375 0.22109375 0.13828125
6 0.2515625 0.1703125 0.13125 0.340625
1 0.346875 0.2734375 0.11015625 0.12109375
1 0.35390625 0.35859375 0.13359375 0.11484375
1 0.41171875 0.4734375 0.05390625 0.18125
1 0.51015625 0.34296875 0.06875 0.16015625
1 0.6328125 0.73828125 0.14296875 0.0828125
1 0.76171875 0.66015625 0.11796875 0.1921875
1 0.825 0.4734375 0.16171875 0.11328125
4 0.73671875 0.24609375 0.34453125 0.11015625