0 0.58984375 0.2453125 0.19140625 0.08359375
0 0.6234375 0.36484375 0.1546875 0.1765625
0 0.52890625 0.44375 0.19296875 0.12421875
0 0.49765625 0.45703125 0.0640625 0.22109375
0 0.3828125 0.57734375 0.11875 0.1765625
0 0.4125 0.5921875 0.15078125 0.115625
1 0.3375 0.6703125 0.10546875 0.1171875
1 0.81171875 0.6953125 0.09765625 0.0703125
1 0.94296875 0.65 0.10078125 0.134375
1 0.92109375 0.47265625 0.12421875 0.12421875
2 0.60546875 0.79921875 0.16796875 0.23828125
4 0.92265625 0.928125 0.1546875 0.14375