3 0.5390625 0.34296875000000004 0.1625 0.4046875
3 0.71953125 0.53203125 0.37265625 0.15859375
6 0.2203125 0.32343750000000004 0.36015625 0.40078125
1 0.3125 0.46953124999999996 0.153125 0.0890625
1 0.4640625 0.49921875000000004 0.08125 0.1921875
1 0.434375 0.6484375 0.09765625 0.09765625
1 0.6203125 0.72578125 0.12890625 0.1234375
1 0.815625 0.925 0.11953125 0.08359375
1 0.92421875 0.9203125 0.13359375 0.06953125
1 0.9484375 0.878125 0.0921875 0.084375
5 0.32578125 0.66875 0.20859375 0.234375
5 0.54765625 0.82421875 0.096875 0.23984375
2 0.70859375 0.71953125 0.16796875 0.1171875
4 0.46171875 0.81484375 0.07890625 0.24375
