4 0.1125 0.63046875 0.225 0.24375
4 0.24921875 0.4765625 0.39453125 0.0890625
4 0.5078125 0.45625 0.41171875 0.22265625
2 0.0265625 0.6625 0.05234375 0.11953125
2 0.44765625 0.559375 0.1515625 0.053125
2 0.5015625 0.328125 0.215625 0.0640625
1 0.23203125 0.42421875 0.13203125 0.0265625
1 0.4421875 0.53203125 0.15625 0.02734375
1 0.41640625 0.2625 0.1015625 0.02890625
1 0.4890625 0.30859375 0.078125 0.02734375
1 0.63984375 0.39609375 0.128125 0.0578125
0 0.20703125 0.390625 0.19765625 0.04296875
0 0.7421875 0.3703125 0.0453125 0.090625
0 0.85078125 0.2953125 0.17578125 0.0734375
0 0.9234375 0.29765625 0.10078125 0.08515625
0 0.15546875 0.56875 0.209375 0.07109375