3 0.46328125 0.6734375 0.14609375 0.3765625
3 0.66953125 0.33359375 0.13984375 0.2546875
1 0.64765625 0.56640625 0.09609375 0.1421875
1 0.56171875 0.5453125 0.07265625 0.19375
1 0.45703125 0.45390625 0.13359375 0.08671875
1 0.54375 0.3625 0.1234375 0.06171875
1 0.415625 0.09921875 0.0796875 0.11796875
1 0.2984375 0.121875 0.11953125 0.071875
1 0.25 0.21640625 0.04453125 0.12734375
2 0.22187500000000004 0.38671875 0.178125 0.178125
5 0.44218749999999996 0.26171875 0.215625 0.23671875
5 0.24062499999999998 0.63046875 0.34296875 0.3796875
4 0.5609375 0.15234375 0.09453125 0.290625
6 0.79375 0.67890625 0.36328125 0.159375
