4 0.55625 0.30859375 0.09453125 0.1890625
4 0.65625 0.775 0.2515625 0.25078125
1 0.446875 0.509375 0.0890625 0.09296875
1 0.23203125 0.61953125 0.10078125 0.06015625
1 0.2875 0.90390625 0.07890625 0.034375
1 0.50625 0.71484375 0.0765625 0.06328125
0 0.18359375 0.66796875 0.15 0.103125
0 0.59296875 0.88828125 0.1296875 0.09921875
0 0.6296875 0.89296875 0.0859375 0.10703125
0 0.55625 0.79140625 0.03671875 0.10703125
2 0.17890625 0.18828124999999996 0.13203125 0.1359375
2 0.65 0.4296875 0.08359375 0.1359375
2 0.378125 0.8015625 0.15546875 0.12265625
1 0.3671875 0.83203125 0.0609375 0.0515625
3 0.22421875 0.40234375 0.17734375 0.21796875
