4 0.30390625 0.16484375 0.2515625 0.3296875
4 0.84921875 0.546875 0.159375 0.2640625
4 0.2875 0.7859375 0.2578125 0.175
2 0.196875 0.27265625 0.1703125 0.221875
2 0.61015625 0.41953125 0.1375 0.1296875
2 0.684375 0.95078125 0.171875 0.0984375
1 0.56796875 0.9671875 0.0796875 0.065625
1 0.66875 0.74609375 0.1171875 0.1953125
1 0.653125 0.54921875 0.109375 0.096875
1 0.27734375 0.60859375 0.0921875 0.15625
1 0.19765625 0.61640625 0.0734375 0.121875
3 0.39296875 0.41015625 0.1859375 0.1859375
0 0.346875 0.23046875 0.1390625 0.1703125
0 0.5734375 0.26484375 0.1984375 0.1328125
0 0.48046875 0.57265625 0.2 0.090625
4 0.88515625 0.925 0.228125 0.15