4 0.36796875 0.7421875 0.1921875 0.1328125
4 0.10625 0.559375 0.2109375 0.140625
4 0.05703125 0.53984375 0.1140625 0.221875
4 0.11171875 0.309375 0.2234375 0.2484375
4 0.259375 0.52734375 0.3375 0.075
3 0.08828125 0.80625 0.1765625 0.115625
2 0.2 0.73203125 0.15625 0.059375
2 0.428125 0.63984375 0.1265625 0.1015625
6 0.271875 0.44765625 0.2890625 0.103125
2 0.35546875 0.38046875 0.184375 0.0625
1 0.4203125 0.253125 0.065625 0.059375
1 0.73359375 0.51953125 0.0765625 0.1
1 0.62734375 0.59296875 0.109375 0.0859375
1 0.5265625 0.54453125 0.11875 0.0515625
1 0.465625 0.47265625 0.0453125 0.0640625
1 0.65625 0.46875 0.146875 0.0421875
0 0.4890625 0.25 0.0625 0.0703125
0 0.5 0.28515625 0.1328125 0.0640625
0 0.58203125 0.2796875 0.1296875 0.0640625
0 0.57890625 0.3078125 0.1859375 0.0609375
0 0.67265625 0.31640625 0.1046875 0.0953125
0 0.725 0.28671875 0.0515625 0.0953125