4 0.09765625 0.6859375 0.1671875 0.27265625
4 0.7875 0.734375 0.11796875 0.3171875
6 0.5109375 0.75 0.3765625 0.13125
4 0.240625 0.696875 0.27265625 0.35703125
5 0.75625 0.36640625000000004 0.39765625 0.146875
5 0.61015625 0.83203125 0.23828125 0.06015625
2 0.29609375 0.27734375 0.15859375 0.184375
1 0.2578125 0.47187500000000004 0.221875 0.0671875
1 0.51328125 0.49453125 0.1125 0.1296875
1 0.56953125 0.30390625000000004 0.2046875 0.115625
1 0.7609375 0.4546875 0.1546875 0.06171875
1 0.89296875 0.5390625 0.06171875 0.10625
1 0.59375 0.60859375 0.146875 0.0625
1 0.6984375 0.62578125 0.05703125 0.12421875
