4 0.80390625 0.67890625 0.30625 0.39765625
4 0.93671875 0.5140625 0.1265625 0.4375
4 0.3703125 0.8125 0.20859375 0.2734375
4 0.57265625 0.22890625 0.11796875 0.36875
4 0.83359375 0.209375 0.23671875 0.41875
1 0.2109375 0.40625 0.096875 0.11796875
1 0.33515625 0.41953125 0.115625 0.06484375
2 0.51015625 0.5234375 0.328125 0.16484375
2 0.43671875 0.4671875 0.16015625 0.08125
0 0.35703125 0.7421875 0.33125 0.121875
0 0.16796875 0.70390625 0.3359375 0.06328125
0 0.221875 0.59296875 0.26875 0.19453125
0 0.10703125 0.59921875 0.2140625 0.14609375
0 0.115625 0.55703125 0.23125 0.1296875