4 0.04140625 0.425 0.0828125 0.2265625
4 0.14453125 0.3984375 0.16171875 0.3453125
4 0.74296875 0.2140625 0.271875 0.42734375
6 0.425 0.26484375 0.46171875 0.22109375
5 0.57734375 0.11796875 0.3015625 0.14453125
5 0.6265625 0.725 0.4546875 0.18984375
2 0.13828125 0.81484375 0.1125 0.184375
1 0.16484375 0.615625 0.17109375 0.08125
1 0.40234375 0.7875 0.19296875 0.1296875
1 0.3875 0.56640625 0.09140625 0.1546875
1 0.40703125 0.4046875 0.16015625 0.10546875
1 0.54296875 0.3828125 0.09453125 0.140625
1 0.66796875 0.6015625 0.19296875 0.075
1 0.9234375 0.45 0.11171875 0.1640625