4 0.13203125 0.275 0.1984375 0.3296875
4 0.2828125 0.259375 0.31171875 0.45078125
4 0.93125 0.19140625 0.1375 0.3828125
2 0.34765625 0.75078125 0.16953125 0.21171875
1 0.32109375 0.53046875 0.2453125 0.1
1 0.60390625 0.48515625 0.14140625 0.17734375
1 0.6671875 0.721875 0.2390625 0.153125
1 0.728125 0.34296875 0.209375 0.09609375
1 0.8640625 0.31640625 0.08671875 0.14375
1 0.915625 0.5296875 0.16875 0.0890625
5 0.825 0.64921875 0.35 0.1828125
5 0.778125 0.05078125 0.32578125 0.1015625
6 0.63828125 0.1625 0.5203125 0.203125