0 0.8328125 0.1 0.334375 0.2
0 0.03671875 0.5171875 0.0734375 0.246875
0 0.1375 0.50078125 0.05703125 0.2703125
0 0.246875 0.503125 0.21484375 0.24296875
0 0.403125 0.71328125 0.2171875 0.18984375
0 0.69296875 0.6921875 0.228125 0.259375
4 0.06875 0.85 0.1375 0.29921875
3 0.04921875 0.1515625 0.0984375 0.303125
1 0.21953125 0.690625 0.103125 0.0609375
1 0.05390625 0.43046875 0.1078125 0.1859375
1 0.4859375 0.3125 0.15390625 0.21484375
1 0.4765625 0.57734375 0.16875 0.18359375
1 0.62890625 0.46171875 0.12265625 0.21328125
1 0.72890625 0.41796875 0.18125 0.20234375
1 0.6046875 0.2078125 0.21484375 0.19375
2 0.2375 0.42109375 0.15390625 0.221875