6 0.60234375 0.5890625 0.3796875 0.2015625
2 0.56875 0.36953125 0.1875 0.2765625
2 0.69609375 0.284375 0.1125 0.1203125
2 0.8796875 0.90703125 0.0453125 0.1609375
3 0.62734375 0.1265625 0.1265625 0.253125
3 0.83984375 0.6859375 0.1359375 0.1125
0 0.7671875 0.5828125 0.0859375 0.184375
0 0.71640625 0.86953125 0.0484375 0.2609375
0 0.79921875 0.9203125 0.08125 0.159375
4 0.87890625 0.3046875 0.190625 0.290625
1 0.78828125 0.84453125 0.0484375 0.1515625
1 0.978125 0.91796875 0.04375 0.1203125
1 0.940625 0.93203125 0.0328125 0.1359375
