3 0.51015625 0.68359375 0.15625 0.4015625
3 0.290625 0.32109375 0.14921875 0.27265625
1 0.3140625 0.56953125 0.10234375 0.1515625
1 0.40546875 0.546875 0.078125 0.20703125
1 0.5171875 0.44921875 0.1421875 0.09296875
1 0.425 0.35234375 0.13203125 0.06640625
1 0.5609375 0.0703125 0.08515625 0.1265625
1 0.6859375 0.09453125 0.128125 0.0765625
1 0.7375 0.19609375 0.04765625 0.1359375
2 0.7671875 0.37734375 0.18984375 0.190625
5 0.5328125 0.24375 0.2296875 0.253125
5 0.74765625 0.6375 0.365625 0.40625
4 0.40546875 0.14140625 0.1015625 0.28203125
6 0.175 0.68828125 0.35 0.1703125