4 0.5234375 0.91171875 0.39375 0.1765625
4 0.44765625 0.596875 0.2515625 0.109375
4 0.16484375 0.5921875 0.3296875 0.09375
4 0.38203125 0.459375 0.25625 0.0671875
4 0.40390625 0.41953125 0.0953125 0.2375
6 0.31484375 0.46406250000000004 0.1140625 0.1953125
2 0.2625 0.44453125000000004 0.0703125 0.1203125
1 0.15546875 0.47343749999999996 0.0578125 0.03125
1 0.37578125 0.22968750000000004 0.040625 0.0953125
1 0.32578125 0.30937499999999996 0.059375 0.0515625
1 0.30859375 0.19218749999999996 0.0359375 0.084375
1 0.33359375 0.11796874999999996 0.0671875 0.06875
1 0.39453125 0.14140624999999996 0.0703125 0.03125
4 0.48671875 0.13593750000000004 0.2546875 0.1171875
2 0.46015625 0.23281249999999998 0.0953125 0.0984375
2 0.58828125 0.32578125 0.1015625 0.10625
3 0.7359375 0.43125 0.196875 0.16875
0 0.17578125 0.24453124999999998 0.0703125 0.05625
0 0.1953125 0.2640625 0.071875 0.0171875
0 0.18984375 0.32734375000000004 0.0609375 0.10625
0 0.17890625 0.34843749999999996 0.059375 0.078125
0 0.18046875 0.39609375 0.053125 0.0703125
0 0.15546875 0.42656249999999996 0.0578125 0.0390625
