0 0.76640625 0.61015625 0.059375 0.3875
0 0.15625 0.6515625 0.04140625 0.33359375
0 0.065625 0.1375 0.13125 0.25
0 0.171875 0.27890625 0.2171875 0.17890625
0 0.22890625 0.3703125 0.08671875 0.30234375
0 0.35625 0.89765625 0.3140625 0.13359375
1 0.06015625 0.4546875 0.08828125 0.128125
1 0.1875 0.1625 0.10390625 0.15078125
1 0.30625 0.61796875 0.078125 0.20859375
1 0.47734375 0.47421875 0.096875 0.19453125
1 0.45859375 0.67421875 0.09375 0.203125
1 0.5375 0.7265625 0.075 0.22578125
1 0.5859375 0.5171875 0.08359375 0.21171875
2 0.30234375 0.303125 0.1234375 0.19296875
3 0.37265625 0.05 0.2734375 0.1