6 0.5671875 0.4203125 0.296875 0.165625
2 0.80234375 0.45859375 0.1453125 0.19375
4 0.71875 0.271875 0.3375 0.3671875
4 0.75625 0.15000000000000002 0.2578125 0.2390625
4 0.38125 0.46484375 0.06875 0.3390625
4 0.28671875 0.47968750000000004 0.2171875 0.25
4 0.06875 0.65546875 0.1375 0.0875
0 0.13671875 0.603125 0.078125 0.090625
0 0.178125 0.6390625 0.0359375 0.1625
0 0.4484375 0.0859375 0.078125 0.171875
1 0.5078125 0.06562500000000004 0.0890625 0.13125
3 0.7421875 0.09296875000000004 0.184375 0.1859375
1 0.74453125 0.02734375 0.0640625 0.0546875
