5 0.23828125 0.7734375 0.4140625 0.45234375
5 0.66640625 0.46171875 0.28515625 0.3828125
2 0.4609375 0.83125 0.19921875 0.27890625
3 0.253125 0.53125 0.32578125 0.16484375
3 0.6078125 0.18515625 0.25390625 0.159375
6 0.259375 0.16875 0.153125 0.3375
1 0.36875 0.25859375 0.1265625 0.13984375
1 0.37734375 0.35703125 0.15390625 0.13203125
1 0.44296875 0.48984375 0.06171875 0.20859375
1 0.55625 0.3390625 0.07890625 0.184375
1 0.69765625 0.79375 0.1640625 0.0953125
1 0.84609375 0.7046875 0.13515625 0.22109375
1 0.9125 0.48828125 0.175 0.13046875
4 0.809375 0.22734375 0.38125 0.12578125