4 0.4390625 0.2234375 0.20390625 0.196875
4 0.56875 0.34140625 0.075 0.32890625
4 0.58515625 0.55703125 0.1859375 0.34375
2 0.4125 0.14140625 0.1 0.07265625
2 0.49921875000000004 0.50703125 0.04375 0.1265625
2 0.69296875 0.55234375 0.053125 0.18046875
1 0.6125 0.32734375 0.021875 0.11015625
1 0.521875 0.50234375 0.0234375 0.13046875
1 0.74765625 0.48125 0.02421875 0.08515625
1 0.70859375 0.54140625 0.0234375 0.065625
1 0.6359375 0.6671875 0.0484375 0.10703125
0 0.640625 0.30625 0.0359375 0.16484375
0 0.6578125 0.75234375 0.07578125 0.0375
0 0.7203125 0.84375 0.06171875 0.14609375
0 0.71796875 0.90390625 0.07109375 0.084375
0 0.4921875 0.26328125 0.059375 0.175
