1 0.7109375 0.39296875 0.1609375 0.178125
1 0.51640625 0.2453125 0.13125 0.184375
1 0.459375 0.46640625 0.1109375 0.1765625
1 0.36875 0.3 0.0765625 0.146875
1 0.26796875 0.51171875 0.121875 0.1484375
0 0.047656249999999956 0.56171875 0.0953125 0.26875
0 0.37812500000000004 0.03828125 0.0859375 0.0765625
2 0.14140624999999996 0.16953125 0.2109375 0.2578125
2 0.4921875 0.82578125 0.1578125 0.1796875
4 0.67421875 0.871875 0.1328125 0.25625
4 0.20390624999999996 0.7875 0.3875 0.184375
3 0.27812499999999996 0.88203125 0.184375 0.1421875
2 0.35624999999999996 0.97265625 0.14375 0.0546875
