0 0.41796875 0.11015625 0.109375 0.1515625
0 0.40234375 0.1078125 0.11875 0.1546875
0 0.37578124999999996 0.18359375 0.10234375 0.22890625
0 0.40078125 0.309375 0.07890625 0.12421875
0 0.44609374999999996 0.20703125 0.1 0.11640625
1 0.5328125 0.15859375 0.1265625 0.04765625
1 0.5125 0.22421875 0.02109375 0.0671875
2 0.5234375 0.2984375 0.0609375 0.0796875
2 0.50859375 0.3171875 0.07421875 0.09375
2 0.5484375 0.48984375 0.05859375 0.07734375
4 0.56484375 0.4015625 0.42265625 0.1203125
4 0.6984375 0.32265625 0.30234375 0.08203125
4 0.7515625 0.4234375 0.36328125 0.0921875
4 0.7203125 0.5875 0.42578125 0.0875
4 0.72265625 0.678125 0.52890625 0.09296875
