4 0.3546875 0.69921875 0.1796875 0.46484375
4 0.240625 0.4828125 0.159375 0.5453125
4 0.56796875 0.4734375 0.16640625 0.15390625
3 0.46015625 0.75859375 0.09375 0.328125
2 0.63359375 0.7 0.1296875 0.1890625
2 0.1015625 0.66875 0.12578125 0.24609375
1 0.0390625 0.85546875 0.04609375 0.1140625
1 0.14296875 0.4421875 0.03828125 0.140625
1 0.28828125 0.82578125 0.06796875 0.14765625
1 0.34921875 0.4609375 0.08046875 0.1421875
0 0.084375 0.38359375 0.10703125 0.1109375
0 0.259375 0.909375 0.11484375 0.18125
2 0.3671875 0.41328125 0.09140625 0.165625
1 0.0765625 0.68046875 0.0609375 0.08828125