2 0.578125 0.45625000000000004 0.2578125 0.1578125
2 0.42578125 0.55859375 0.128125 0.06875
2 0.08828125 0.22265625 0.0703125 0.1
4 0.1796875 0.621875 0.2875 0.159375
4 0.14609375 0.9328125 0.2859375 0.134375
6 0.578125 0.25 0.3 0.1453125
3 0.559375 0.6609375 0.1390625 0.2015625
3 0.16328125 0.35078125000000004 0.1671875 0.1
0 0.28359375 0.39453125 0.09375 0.1484375
0 0.31640625 0.18984374999999998 0.0421875 0.1765625
0 0.1921875 0.17812499999999998 0.0765625 0.1609375
0 0.09453125 0.1484375 0.0828125 0.1421875
1 0.2203125 0.23750000000000004 0.0359375 0.0953125
1 0.03359375 0.11015624999999996 0.053125 0.09375
1 0.009375 0.22890624999999998 0.01875 0.090625
1 0.20234375 0.055468749999999956 0.0953125 0.046875
0 0.09609375 0.04921874999999998 0.090625 0.0984375
