0 0.16328125 0.29296875 0.1078125 0.19453125
0 0.18828125 0.26015625 0.0875 0.21796875
0 0.3359375 0.21484375 0.21171875 0.17109375
0 0.50078125 0.28437500000000004 0.14140625 0.18203125
0 0.2875 0.3140625 0.0890625 0.21328125
1 0.11796875 0.45390624999999996 0.09140625 0.07578125
1 0.19375 0.48828125 0.11484375 0.04609375
2 0.3171875 0.48750000000000004 0.115625 0.1
2 0.41640625 0.47187500000000004 0.18828125 0.16484375
2 0.5984375 0.5296875 0.1296875 0.08515625
4 0.66171875 0.23984375000000002 0.15859375 0.10546875
4 0.84609375 0.428125 0.3078125 0.20078125
4 0.84296875 0.5875 0.27578125 0.25234375
4 0.28828125 0.70390625 0.16328125 0.2640625
4 0.475 0.80078125 0.1265625 0.3546875
