2 0.22499999999999998 0.72578125 0.2234375 0.1484375
2 0.38125 0.37578125 0.0859375 0.096875
2 0.59296875 0.3671875 0.059375 0.06875
0 0.20781249999999996 0.58046875 0.159375 0.109375
0 0.28437500000000004 0.39140625 0.1296875 0.1578125
0 0.45781249999999996 0.45859375 0.0625 0.11875
0 0.70625 0.49453125 0.05 0.0984375
0 0.69609375 0.45390625 0.075 0.05
0 0.63046875 0.41171875 0.0953125 0.059375
3 0.34140625 0.48515625 0.0671875 0.0796875
1 0.46171874999999996 0.63984375 0.078125 0.065625
1 0.44921875 0.60703125 0.053125 0.0265625
1 0.65703125 0.4625 0.053125 0.059375
1 0.51875 0.3640625 0.078125 0.0625
1 0.45390624999999996 0.36015625 0.05 0.065625
1 0.59609375 0.40390625 0.05 0.0578125
4 0.5609375 0.2703125 0.19375 0.0765625
4 0.40546875000000004 0.559375 0.3734375 0.0984375
4 0.62265625 0.5109375 0.21875 0.0515625
4 0.684375 0.2984375 0.259375 0.1046875
4 0.7828125 0.403125 0.2640625 0.0765625
4 0.80703125 0.61640625 0.2375 0.0703125
6 0.73828125 0.52421875 0.2046875 0.065625
