1 0.19921875 0.84453125 0.071875 0.1296875
1 0.4125 0.5828125 0.0890625 0.1015625
1 0.378125 0.33984375 0.0890625 0.053125
1 0.246875 0.44921875 0.0359375 0.1140625
0 0.1078125 0.52734375 0.0625 0.1875
0 0.18515625 0.453125 0.0828125 0.1578125
0 0.078125 0.52734375 0.0359375 0.10625
1 0.21953125 0.6484375 0.0640625 0.0484375
2 0.23984375 0.6328125 0.1375 0.1734375
0 0.4171875 0.6765625 0.1328125 0.08125
3 0.53125 0.4125 0.1765625 0.1125
2 0.62734375 0.27421874999999996 0.090625 0.1640625
4 0.696875 0.7390625 0.1296875 0.1609375
6 0.89921875 0.6484375 0.1625 0.25
4 0.90859375 0.9359375 0.159375 0.128125
4 0.403125 0.08750000000000002 0.1375 0.175
4 0.52265625 0.07187500000000002 0.1171875 0.14375
2 0.33515625 0.17500000000000004 0.0796875 0.115625
4 0.1796875 0.3453125 0.2140625 0.1265625
