1 0.20703125 0.7078125 0.09765625 0.075
1 0.1609375 0.42734375 0.059375 0.06796875
1 0.1890625 0.54609375 0.0734375 0.0453125
1 0.29453125 0.32578125 0.09296875 0.05234375
1 0.3921875 0.4515625 0.0890625 0.05625
0 0.41640625 0.49765625 0.14296875 0.06796875
0 0.08125 0.4546875 0.1046875 0.1171875
0 0.9703125 0.5875 0.059375 0.115625
0 0.9125 0.51796875 0.0859375 0.1296875
1 0.93515625 0.6125 0.10859375 0.0703125
4 0.82265625 0.35859375 0.14140625 0.3203125
4 0.6640625 0.3578125 0.0609375 0.24453125
4 0.3921875 0.1109375 0.07890625 0.221875
4 0.3109375 0.1546875 0.0703125 0.18359375
4 0.0890625 0.37265625 0.178125 0.13671875
2 0.50625 0.26484375 0.0890625 0.0875
2 0.21640625 0.2546875 0.071875 0.0859375
3 0.4515625 0.34375 0.146875 0.07890625
2 0.19296875 0.53984375 0.16796875 0.10859375