0 0.6234375 0.73671875 0.178125 0.05
0 0.76484375 0.76015625 0.0640625 0.1109375
0 0.7140625 0.72265625 0.0703125 0.0921875
0 0.60703125 0.7703125 0.1296875 0.0671875
0 0.53359375 0.771875 0.11875 0.0640625
0 0.51015625 0.81796875 0.0375 0.09375
1 0.43046875 0.8234375 0.0578125 0.0671875
1 0.65390625 0.49296874999999996 0.10625 0.04375
1 0.75234375 0.44609374999999996 0.0671875 0.075
1 0.8234375 0.5140625 0.0671875 0.0765625
1 0.74140625 0.56328125 0.1140625 0.03125
1 0.5796875 0.55859375 0.04375 0.0578125
2 0.60625 0.39765625000000004 0.1046875 0.08125
2 0.446875 0.2984375 0.1171875 0.06875
4 0.64453125 0.28515625 0.103125 0.0734375
4 0.4 0.4828125 0.3203125 0.0703125
4 0.315625 0.43203125 0.115625 0.0765625
4 0.171875 0.4625 0.1078125 0.2203125
4 0.17265625 0.7015625 0.2171875 0.209375
2 0.42109375 0.66015625 0.16875 0.0671875
6 0.36640625 0.5734375 0.2890625 0.0875
3 0.3046875 0.20468750000000002 0.2125 0.1453125
