1 0.39296875 0.2890625 0.178125 0.1609375
1 0.2453125 0.48359375 0.184375 0.13125
1 0.46640625 0.540625 0.1765625 0.1109375
1 0.3 0.63125 0.146875 0.0765625
1 0.51171875 0.73203125 0.1484375 0.121875
0 0.56171875 0.95234375 0.26875 0.0953125
0 0.03828125 0.621875 0.0765625 0.0859375
2 0.16953125 0.85859375 0.2578125 0.2109375
2 0.82578125 0.5078125 0.1796875 0.1578125
4 0.871875 0.32578125 0.25625 0.1328125
4 0.7875 0.79609375 0.184375 0.3875
3 0.88203125 0.721875 0.1421875 0.184375
2 0.97265625 0.64375 0.0546875 0.14375