4 0.38203125 0.7625 0.21171875 0.14609375
4 0.1046875 0.56171875 0.209375 0.1546875
4 0.0515625 0.53984375 0.103125 0.24375
4 0.11171875 0.2859375 0.2234375 0.2734375
4 0.2625 0.5265625 0.37109375 0.0828125
3 0.0859375 0.83359375 0.171875 0.12734375
2 0.19765625 0.7515625 0.171875 0.065625
2 0.4484375 0.65 0.1390625 0.11171875
6 0.2765625 0.4390625 0.31796875 0.11328125
2 0.36875 0.36484375 0.203125 0.06875
1 0.43984375 0.225 0.071875 0.065625
1 0.784375 0.51796875 0.084375 0.11015625
1 0.6671875 0.5984375 0.1203125 0.09453125
1 0.55703125 0.5453125 0.13046875 0.05703125
1 0.48984375 0.46640625 0.05 0.0703125
1 0.69921875 0.4625 0.16171875 0.04609375
0 0.515625 0.221875 0.06875 0.07734375
0 0.52734375 0.26015625 0.14609375 0.0703125
0 0.61796875 0.25390625 0.14296875 0.0703125
0 0.6140625 0.28515625 0.2046875 0.0671875
0 0.7171875 0.29453125 0.11484375 0.1046875
0 0.775 0.26171875 0.05703125 0.1046875