0 0.6234375 0.26328125 0.178125 0.05
0 0.76484375 0.23984375 0.0640625 0.1109375
0 0.7140625 0.27734375 0.0703125 0.0921875
0 0.60703125 0.2296875 0.1296875 0.0671875
0 0.53359375 0.228125 0.11875 0.0640625
0 0.51015625 0.18203125 0.0375 0.09375
1 0.43046875 0.1765625 0.0578125 0.0671875
1 0.65390625 0.50703125 0.10625 0.04375
1 0.75234375 0.55390625 0.0671875 0.075
1 0.8234375 0.4859375 0.0671875 0.0765625
1 0.74140625 0.43671875 0.1140625 0.03125
1 0.5796875 0.44140625 0.04375 0.0578125
2 0.60625 0.60234375 0.1046875 0.08125
2 0.446875 0.7015625 0.1171875 0.06875
4 0.64453125 0.71484375 0.103125 0.0734375
4 0.4 0.5171875 0.3203125 0.0703125
4 0.315625 0.56796875 0.115625 0.0765625
4 0.171875 0.5375 0.1078125 0.2203125
4 0.17265625 0.2984375 0.2171875 0.209375
2 0.42109375 0.33984375 0.16875 0.0671875
6 0.36640625 0.4265625 0.2890625 0.0875
3 0.3046875 0.7953125 0.2125 0.1453125