4 0.44921875 0.71875 0.1 0.328125
4 0.63828125 0.3484375 0.103125 0.296875
4 0.49609375 0.53125 0.20625 0.1046875
4 0.41093749999999996 0.40234375 0.040625 0.1984375
4 0.46406250000000004 0.4203125 0.09375 0.1734375
6 0.52421875 0.409375 0.0796875 0.1546875
2 0.57421875 0.3796875 0.084375 0.090625
0 0.5703125 0.29140625 0.0421875 0.065625
0 0.53671875 0.2734375 0.059375 0.04375
0 0.5515625 0.2484375 0.075 0.028125
0 0.59921875 0.290625 0.021875 0.0625
0 0.6828125 0.31015625 0.04375 0.0234375
1 0.6984375 0.34296875 0.046875 0.0453125
2 0.2984375 0.45 0.0515625 0.08125
2 0.33828125 0.365625 0.0703125 0.053125
1 0.35078125000000004 0.30703125 0.046875 0.046875
1 0.3828125 0.2734375 0.0546875 0.0203125
1 0.43125 0.2921875 0.0359375 0.046875
1 0.4625 0.340625 0.0484375 0.0203125
1 0.38671875 0.3296875 0.0296875 0.040625
3 0.23906249999999996 0.5421875 0.109375 0.1296875
4 0.25312500000000004 0.31328125 0.0515625 0.1828125
