4 0.334375 0.85390625 0.24375 0.146875
4 0.3234375 0.7421875 0.33359375 0.23125
4 0.2453125 0.23046875 0.3390625 0.1625
2 0.68671875 0.69375 0.15625 0.12578125
1 0.5234375 0.7140625 0.0734375 0.18203125
1 0.48984375 0.5046875 0.13125 0.1046875
1 0.66484375 0.45781249999999996 0.11328125 0.17734375
1 0.384375 0.4125 0.07109375 0.15546875
1 0.365625 0.31171875000000004 0.10625 0.0640625
1 0.5234375 0.2671875 0.06640625 0.1375
1 0.4359375 0.1171875 0.11328125 0.06875
5 0.6125 0.290625 0.1359375 0.3578125
5 0.1609375 0.37421875000000004 0.090625 0.2421875
6 0.2515625 0.47890625 0.15 0.3859375
