2 0.12265625 0.74140625 0.24453125 0.26953125
1 0.2875 0.63359375 0.18203125 0.11484375
1 0.35703125 0.825 0.08984375 0.184375
1 0.38671875 0.23515625 0.1046875 0.0625
0 0.11640625 0.265625 0.209375 0.0609375
0 0.465625 0.6078125 0.09453125 0.184375
0 0.446875 0.47421875 0.08125 0.1484375
0 0.6078125 0.71875 0.24453125 0.18828125
0 0.62734375 0.3 0.0984375 0.08984375
0 0.55625 0.22265625 0.16328125 0.0796875
2 0.43828125 0.27578125 0.1296875 0.0546875
2 0.56171875 0.253125 0.12578125 0.08125
4 0.26796875 0.10390625 0.1171875 0.20703125
4 0.38828125 0.11328125 0.11484375 0.22578125
4 0.4515625 0.0796875 0.0421875 0.159375
6 0.2828125 0.36484375 0.196875 0.3703125