2 0.54375 0.578125 0.1578125 0.2578125
2 0.44140625 0.42578125 0.06875 0.128125
2 0.77734375 0.08828125 0.1 0.0703125
4 0.378125 0.1796875 0.159375 0.2875
4 0.0671875 0.14609375 0.134375 0.2859375
6 0.75 0.578125 0.1453125 0.3
3 0.3390625 0.559375 0.2015625 0.1390625
3 0.64921875 0.16328125 0.1 0.1671875
0 0.60546875 0.28359375 0.1484375 0.09375
0 0.81015625 0.31640625 0.1765625 0.0421875
0 0.821875 0.1921875 0.1609375 0.0765625
0 0.8515625 0.09453125 0.1421875 0.0828125
1 0.7625 0.2203125 0.0953125 0.0359375
1 0.88984375 0.03359375 0.09375 0.053125
1 0.77109375 0.009375 0.090625 0.01875
1 0.94453125 0.20234375 0.046875 0.0953125
0 0.95078125 0.09609375 0.0984375 0.090625