2 0.72578125 0.775 0.1484375 0.2234375
2 0.37578125 0.61875 0.096875 0.0859375
2 0.3671875 0.40703125 0.06875 0.059375
0 0.58046875 0.7921875 0.109375 0.159375
0 0.39140625 0.715625 0.1578125 0.1296875
0 0.45859375 0.5421875 0.11875 0.0625
0 0.49453125 0.29375 0.0984375 0.05
0 0.45390625 0.30390625 0.05 0.075
0 0.41171875 0.36953125 0.059375 0.0953125
3 0.48515625 0.65859375 0.0796875 0.0671875
1 0.63984375 0.53828125 0.065625 0.078125
1 0.60703125 0.55078125 0.0265625 0.053125
1 0.4625 0.34296875 0.059375 0.053125
1 0.3640625 0.48125 0.0625 0.078125
1 0.36015625 0.54609375 0.065625 0.05
1 0.40390625 0.40390625 0.0578125 0.05
4 0.2703125 0.4390625 0.0765625 0.19375
4 0.559375 0.59453125 0.0984375 0.3734375
4 0.5109375 0.37734375 0.0515625 0.21875
4 0.2984375 0.315625 0.1046875 0.259375
4 0.403125 0.2171875 0.0765625 0.2640625
4 0.61640625 0.19296875 0.0703125 0.2375
6 0.52421875 0.26171875 0.065625 0.2046875