1 0.715625 0.58359375 0.0734375 0.0703125
1 0.39296875 0.52109375 0.065625 0.0421875
1 0.35546875 0.36015624999999996 0.078125 0.10625
1 0.25 0.33203125 0.090625 0.078125
1 0.315625 0.46875 0.05625 0.09375
1 0.20234375 0.44453125000000004 0.040625 0.096875
4 0.1125 0.58984375 0.1125 0.1625
4 0.2875 0.70234375 0.125 0.2234375
4 0.51328125 0.85546875 0.0640625 0.2890625
4 0.2125 0.91171875 0.1 0.1765625
4 0.2921875 0.934375 0.05625 0.13125
4 0.3140625 0.97109375 0.040625 0.0578125
6 0.25625 0.95703125 0.0640625 0.0859375
3 0.17109375 0.7828125 0.1390625 0.0625
2 0.18828125 0.68125 0.0546875 0.0890625
2 0.18984375 0.56796875 0.0546875 0.09375
2 0.5234375 0.615625 0.0859375 0.1484375
0 0.503125 0.33515625000000004 0.06875 0.159375
0 0.609375 0.27656250000000004 0.1390625 0.0421875
0 0.57421875 0.37578124999999996 0.090625 0.1765625
0 0.63671875 0.42500000000000004 0.0875 0.140625
0 0.67578125 0.46406250000000004 0.090625 0.128125
0 0.6921875 0.52265625 0.103125 0.09375
