2 0.421875 0.54375 0.2578125 0.1578125
2 0.57421875 0.44140625 0.128125 0.06875
2 0.91171875 0.77734375 0.0703125 0.1
4 0.8203125 0.378125 0.2875 0.159375
4 0.85390625 0.0671875 0.2859375 0.134375
6 0.421875 0.75 0.3 0.1453125
3 0.44062500000000004 0.3390625 0.1390625 0.2015625
3 0.83671875 0.64921875 0.1671875 0.1
0 0.71640625 0.60546875 0.09375 0.1484375
0 0.68359375 0.81015625 0.0421875 0.1765625
0 0.8078125 0.821875 0.0765625 0.1609375
0 0.90546875 0.8515625 0.0828125 0.1421875
1 0.7796875 0.7625 0.0359375 0.0953125
1 0.96640625 0.88984375 0.053125 0.09375
1 0.990625 0.77109375 0.01875 0.090625
1 0.79765625 0.94453125 0.0953125 0.046875
0 0.90390625 0.95078125 0.090625 0.0984375
