4 0.08671875 0.4515625 0.1734375 0.471875
4 0.4453125 0.36015625 0.13125 0.3015625
4 0.4515625 0.109375 0.1125 0.21875
4 0.61015625 0.28203125 0.08046875 0.30703125
4 0.65859375 0.3078125 0.284375 0.1140625
6 0.6046875 0.2015625 0.234375 0.13671875
2 0.628125 0.13828125 0.14453125 0.084375
1 0.59375 0.02265625 0.0375 0.0453125
1 0.8859375 0.27421875 0.1140625 0.0484375
1 0.790625 0.2140625 0.06171875 0.07109375
1 0.93046875 0.19375 0.10078125 0.04296875
1 0.98828125 0.22265625 0.0234375 0.0796875
1 0.9859375 0.296875 0.028125 0.084375
4 0.96328125 0.40703125 0.07265625 0.30546875
2 0.88203125 0.37578125 0.11796875 0.1140625
2 0.7703125 0.52890625 0.12734375 0.121875
3 0.64453125 0.70625 0.20234375 0.2359375
0 0.8671875 0.03828125 0.0671875 0.0765625
0 0.84453125 0.0578125 0.0203125 0.0859375
0 0.76875 0.0515625 0.12734375 0.07265625
0 0.74375 0.03828125 0.09375 0.07109375
0 0.68671875 0.040625 0.084375 0.06328125
0 0.64921875 0.02265625 0.046875 0.0453125