3 0.496875 0.70625 0.1859375 0.46171875
3 0.70234375 0.49140625 0.425 0.18046875
6 0.16875 0.728125 0.3375 0.45625
1 0.23828125 0.5625 0.175 0.1015625
1 0.4109375 0.528125 0.09296875 0.21875
1 0.37734375 0.3578125 0.11171875 0.11171875
1 0.58984375 0.26953125 0.146875 0.140625
1 0.8109375 0.04453125 0.1375 0.0890625
1 0.9296875 0.04765625 0.140625 0.08046875
1 0.95546875 0.09609375 0.0890625 0.096875
5 0.253125 0.334375 0.23828125 0.26640625
5 0.50625 0.1578125 0.1109375 0.2734375
2 0.68984375 0.2765625 0.19140625 0.134375
4 0.4078125 0.16875 0.090625 0.278125