1 0.78046875 0.6375 0.0875 0.0671875
1 0.821875 0.38671875 0.053125 0.0609375
1 0.796875 0.49296875 0.065625 0.040625
1 0.70234375 0.29609375 0.0828125 0.046875
1 0.61484375 0.40859375 0.0796875 0.05
0 0.59375 0.44921875 0.128125 0.0609375
0 0.89296875 0.4109375 0.09375 0.1046875
0 0.98515625 0.48359375 0.0296875 0.1390625
0 0.0625 0.5296875 0.125 0.103125
0 0.15000000000000002 0.46796875 0.0765625 0.115625
1 0.12968749999999996 0.55234375 0.096875 0.0625
4 0.23046875 0.325 0.1265625 0.2859375
4 0.37187499999999996 0.32421875 0.0546875 0.21875
4 0.6140625 0.1015625 0.0703125 0.203125
4 0.6875 0.14296875 0.0625 0.1640625
4 0.903125 0.3375 0.19375 0.121875
2 0.51328125 0.24140625 0.0796875 0.078125
2 0.771875 0.23203125 0.0640625 0.0765625
3 0.56171875 0.31171875 0.13125 0.0703125
2 0.79296875 0.4875 0.15 0.096875
