1 0.23359375 0.875 0.1203125 0.09296875
1 0.1765625 0.52890625 0.0734375 0.084375
1 0.2109375 0.67578125 0.090625 0.05625
1 0.34140625 0.40390625 0.1140625 0.06484375
1 0.4625 0.559375 0.11015625 0.06875
0 0.49140625 0.615625 0.1765625 0.084375
0 0.07890625 0.5625 0.1296875 0.14453125
4 0.95234375 0.44296875 0.09453125 0.39453125
4 0.79765625 0.44296875 0.07578125 0.3015625
4 0.4625 0.13828125 0.096875 0.27578125
4 0.36171875 0.19296875 0.0859375 0.2265625
4 0.09921875 0.4609375 0.1984375 0.16796875
2 0.60234375 0.32890625 0.11015625 0.1078125
2 0.2453125 0.315625 0.08828125 0.10546875
3 0.5359375 0.42578125 0.18125 0.096875
2 0.21640625 0.66796875 0.20703125 0.13359375