4 0.25546875 0.10390625 0.09375 0.19296875
6 0.27265625 0.275 0.1171875 0.265625
4 0.10234375 0.28984375 0.13515625 0.20390625
4 0.159375 0.5390625 0.15859375 0.3265625
4 0.715625 0.40859375 0.13515625 0.4046875
4 0.303125 0.6734375 0.09921875 0.24375
4 0.403125 0.3765625 0.0828125 0.234375
1 0.55703125 0.39140625 0.08828125 0.05390625
1 0.53359375 0.4359375 0.09375 0.046875
1 0.41875 0.6734375 0.08828125 0.08671875
1 0.33671875 0.63359375 0.0578125 0.09921875
1 0.24296875 0.43828125 0.0921875 0.06484375
1 0.26796875 0.53515625 0.10078125 0.06640625
0 0.20546875 0.365625 0.08828125 0.0703125
0 0.2 0.4171875 0.07734375 0.05078125
0 0.240625 0.50234375 0.115625 0.0359375
0 0.471875 0.56328125 0.1046875 0.12421875
0 0.7453125 0.57734375 0.07578125 0.11875
0 0.6140625 0.709375 0.15859375 0.1609375
3 0.59453125 0.55 0.06328125 0.1609375
2 0.25078125 0.5765625 0.07734375 0.08828125
2 0.771875 0.4546875 0.1296875 0.15546875