4 0.41718750000000004 0.46015625 0.37890625 0.146875
4 0.59375 0.36640625 0.4453125 0.13046875
4 0.6015625 0.634375 0.12578125 0.1359375
3 0.36875 0.54609375 0.26796875 0.0765625
2 0.41640625 0.68828125 0.15390625 0.10625
2 0.44218749999999996 0.253125 0.20078125 0.103125
1 0.28984374999999996 0.2015625 0.09296875 0.03828125
1 0.62734375 0.28671875 0.11484375 0.03125
1 0.3140625 0.40546875 0.12109375 0.05625
1 0.61171875 0.45546875 0.115625 0.065625
0 0.675 0.2390625 0.090625 0.0875
0 0.68203125 0.153125 0.175 0.05546875
0 0.73046875 0.14140625 0.12890625 0.059375
0 0.23671874999999998 0.3828125 0.165625 0.09453125
2 0.65078125 0.4703125 0.13515625 0.075
1 0.43281250000000004 0.2328125 0.071875 0.05
