1 0.0546875 0.1125 0.10859375 0.08515625
1 0.34140625 0.365625 0.1203125 0.10546875
1 0.628125 0.325 0.0625 0.10546875
1 0.49921875 0.16953125 0.134375 0.0421875
0 0.40625 0.02109375 0.22109375 0.0421875
0 0.49453125 0.096875 0.18671875 0.09765625
1 0.2640625 0.1375 0.05703125 0.07578125
2 0.28203125 0.16171875 0.2046875 0.1625
0 0.23046875 0.37109375 0.09609375 0.15703125
3 0.5421875 0.50546875 0.1328125 0.20859375
2 0.70546875 0.61875 0.19375 0.10703125
4 0.15703125 0.70078125 0.18984375 0.153125
6 0.26328125 0.92109375 0.2953125 0.1578125
4 0.9109375 0.353125 0.178125 0.1625
4 0.9296875 0.4953125 0.13984375 0.13828125
2 0.82265625 0.27421875 0.13671875 0.09375
4 0.62109375 0.1078125 0.14921875 0.215625