4 0.8265625 0.6609375 0.24375 0.4375
4 0.36171875 0.67578125 0.6296875 0.203125
4 0.665625 0.21640625 0.25 0.4328125
6 0.396875 0.50859375 0.4890625 0.125
2 0.2890625 0.38046875 0.3015625 0.13125
1 0.24140625000000004 0.1546875 0.1046875 0.0875
0 0.12187499999999996 0.18046875 0.05 0.11875
0 0.03125 0.278125 0.0625 0.0484375
0 0.038281250000000044 0.31796875 0.0765625 0.059375
1 0.03671875000000002 0.5953125 0.0734375 0.1125
2 0.04453125000000002 0.92109375 0.0890625 0.1546875
0 0.09062499999999996 0.246875 0.18125 0.08125
