4 0.4765625 0.08828125 0.39375 0.1765625
4 0.55234375 0.403125 0.2515625 0.109375
4 0.83515625 0.4078125 0.3296875 0.09375
4 0.61796875 0.540625 0.25625 0.0671875
4 0.59609375 0.58046875 0.0953125 0.2375
6 0.68515625 0.5359375 0.1140625 0.1953125
2 0.7375 0.55546875 0.0703125 0.1203125
1 0.84453125 0.5265625 0.0578125 0.03125
1 0.62421875 0.7703125 0.040625 0.0953125
1 0.67421875 0.690625 0.059375 0.0515625
1 0.69140625 0.8078125 0.0359375 0.084375
1 0.66640625 0.88203125 0.0671875 0.06875
1 0.60546875 0.85859375 0.0703125 0.03125
4 0.51328125 0.8640625 0.2546875 0.1171875
2 0.53984375 0.7671875 0.0953125 0.0984375
2 0.41171875 0.67421875 0.1015625 0.10625
3 0.2640625 0.56875 0.196875 0.16875
0 0.82421875 0.75546875 0.0703125 0.05625
0 0.8046875 0.7359375 0.071875 0.0171875
0 0.81015625 0.67265625 0.0609375 0.10625
0 0.82109375 0.6515625 0.059375 0.078125
0 0.81953125 0.60390625 0.053125 0.0703125
0 0.84453125 0.5734375 0.0578125 0.0390625
