0 0.809375 0.6484375 0.09296875 0.1515625
0 0.728125 0.62578125 0.19921875 0.165625
0 0.62265625 0.50703125 0.0546875 0.128125
0 0.09999999999999998 0.44609375 0.16328125 0.0734375
1 0.48750000000000004 0.61171875 0.11796875 0.0375
1 0.1171875 0.68515625 0.16875 0.04765625
1 0.528125 0.45859375 0.12265625 0.05625
1 0.43515625 0.35625 0.1015625 0.0453125
1 0.17812499999999998 0.4171875 0.12890625 0.04140625
2 0.6265625 0.31171875 0.078125 0.06171875
2 0.23046875 0.2640625 0.10234375 0.0453125
3 0.234375 0.3296875 0.1375 0.06640625
2 0.3359375 0.54140625 0.2546875 0.1171875
4 0.75703125 0.453125 0.44609375 0.184375
4 0.50703125 0.20546875 0.05859375 0.16484375
4 0.41640625 0.1421875 0.0765625 0.22578125
