2 0.9015625 0.0609375 0.075 0.121875
0 0.8421875 0.17734375 0.0578125 0.09375
0 0.96328125 0.1078125 0.0453125 0.134375
1 0.9375 0.1484375 0.0515625 0.0640625
1 0.93515625 0.3265625 0.040625 0.0921875
0 0.44296875 0.41875 0.0828125 0.09375
0 0.51953125 0.6453125 0.0484375 0.078125
1 0.6015625 0.43125 0.046875 0.0765625
4 0.54765625 0.55625 0.4328125 0.228125
4 0.81015625 0.5125 0.353125 0.146875
4 0.8421875 0.43671875 0.253125 0.075
4 0.96796875 0.45625 0.0640625 0.06875
4 0.96953125 0.5828125 0.0609375 0.0625
6 0.87109375 0.63671875 0.2484375 0.153125
3 0.89140625 0.3765625 0.0375 0.0640625
1 0.86171875 0.24609375 0.0484375 0.08125
2 0.98125 0.36640625 0.0375 0.090625
4 0.978125 0.16640625 0.04375 0.2046875
