2 0.70390625 0.85859375 0.1765625 0.265625
2 0.2875 0.67265625 0.115625 0.10234375
2 0.2765625 0.42109375 0.08203125 0.0703125
0 0.53046875 0.87890625 0.13046875 0.18984375
0 0.30546875 0.78828125 0.1875 0.15390625
0 0.3859375 0.58203125 0.14140625 0.07421875
0 0.428125 0.2859375 0.1171875 0.059375
0 0.38046875 0.2984375 0.059375 0.0890625
0 0.3296875 0.3765625 0.0703125 0.11328125
3 0.4171875 0.7203125 0.09453125 0.0796875
1 0.6015625 0.57734375 0.078125 0.09296875
1 0.5625 0.5921875 0.03125 0.06328125
1 0.390625 0.34453125 0.0703125 0.06328125
1 0.2734375 0.509375 0.07421875 0.09296875
1 0.26875 0.58671875 0.078125 0.059375
1 0.3203125 0.4171875 0.06875 0.059375
4 0.16171875 0.459375 0.09140625 0.23046875
4 0.50546875 0.64375 0.1171875 0.44453125
4 0.44765625 0.3859375 0.06171875 0.26015625
4 0.1953125 0.3125 0.12421875 0.30859375
4 0.31953125 0.1953125 0.09140625 0.3140625
4 0.5734375 0.16640625 0.08359375 0.2828125
6 0.4640625 0.2484375 0.078125 0.24375