4 0.80859375 0.3 0.3828125 0.1625
4 0.8265625 0.54921875 0.346875 0.125
4 0.740625 0.903125 0.421875 0.19375
2 0.38515625 0.1609375 0.23125 0.1296875
1 0.47968750000000004 0.2921875 0.1546875 0.0765625
1 0.5390625 0.4453125 0.109375 0.1484375
1 0.5265625 0.65078125 0.1828125 0.0765625
1 0.4234375 0.88359375 0.203125 0.0828125
2 0.6078125 0.59453125 0.215625 0.1015625
0 0.5375 0.7359375 0.2328125 0.1578125
0 0.21406250000000004 0.34453125 0.3796875 0.0734375
0 0.29140625 0.03359375 0.3296875 0.0671875
4 0.19609374999999996 0.64296875 0.2484375 0.1984375
6 0.24062499999999998 0.934375 0.2484375 0.13125
3 0.055468749999999956 0.07578125 0.1109375 0.0953125
