3 0.65703125 0.4609375 0.4046875 0.1625
3 0.46796875 0.28046875000000004 0.15859375 0.37265625
6 0.6765625 0.7796875 0.40078125 0.36015625
1 0.53046875 0.6875 0.0890625 0.153125
1 0.50078125 0.5359375 0.1921875 0.08125
1 0.3515625 0.565625 0.09765625 0.09765625
1 0.27421875 0.37968749999999996 0.1234375 0.12890625
1 0.075 0.18437499999999996 0.08359375 0.11953125
1 0.0796875 0.07578125000000002 0.06953125 0.13359375
1 0.121875 0.051562499999999956 0.084375 0.0921875
5 0.33125 0.67421875 0.234375 0.20859375
5 0.17578125 0.45234375000000004 0.23984375 0.096875
2 0.28046875 0.29140625 0.1171875 0.16796875
4 0.18515625 0.53828125 0.24375 0.07890625
