4 0.67578125 0.6171875 0.25 0.32421875
4 0.86640625 0.48359375 0.26640625 0.35625
4 0.32265625 0.7265625 0.16953125 0.22265625
4 0.4875 0.2515625 0.09609375 0.3
4 0.7015625 0.2140625 0.19296875 0.38515625
1 0.1921875 0.3953125 0.07890625 0.09609375
1 0.29375 0.40625 0.09453125 0.053125
2 0.4359375 0.49140625 0.26796875 0.134375
2 0.3765625 0.4453125 0.13046875 0.06640625
0 0.3109375 0.66875 0.2703125 0.09921875
0 0.146875 0.63828125 0.29375 0.0515625
0 0.20078125 0.54765625 0.21953125 0.15859375
0 0.096875 0.553125 0.19375 0.11875
0 0.1046875 0.51796875 0.20859375 0.10546875