4 0.178125 0.24609375 0.15234375 0.30859375
4 0.04296875 0.93046875 0.08515625 0.1390625
4 0.94765625 0.45390625 0.10390625 0.4203125
4 0.62890625 0.17265625 0.1171875 0.3453125
4 0.3390625 0.16796875 0.146875 0.3359375
4 0.4578125 0.5390625 0.10625 0.284375
3 0.16328125 0.8875 0.23046875 0.225
0 0.0203125 0.7140625 0.040625 0.3125
0 0.28125 0.6515625 0.07421875 0.25078125
0 0.53828125 0.36796875 0.10625 0.184375
0 0.78046875 0.42578125 0.0484375 0.11171875
1 0.43125 0.95078125 0.0890625 0.0984375
1 0.38203125 0.8828125 0.10234375 0.20078125
1 0.20546875 0.4984375 0.05390625 0.12265625
1 0.315625 0.4203125 0.12421875 0.06484375
1 0.47109375 0.3859375 0.04296875 0.13359375
1 0.64140625 0.40859375 0.04453125 0.14140625
2 0.42578125 0.33671875 0.0796875 0.146875
2 0.1125 0.57890625 0.1 0.16171875