4 0.74765625 0.196875 0.259375 0.128125
4 0.13593750000000004 0.059375 0.1890625 0.11875
4 0.57265625 0.9 0.353125 0.2
4 0.83203125 0.5765625 0.3359375 0.0984375
4 0.8359375 0.33203125 0.328125 0.1234375
4 0.5015625 0.43203125 0.2390625 0.0890625
3 0.20546874999999998 0.184375 0.1953125 0.19375
0 0.35468750000000004 0.040625 0.2625 0.08125
0 0.40703124999999996 0.28359375 0.2109375 0.0625
0 0.6453125 0.49921875 0.1546875 0.0890625
0 0.596875 0.703125 0.09375 0.040625
1 0.11015624999999996 0.41015625 0.171875 0.075
1 0.21250000000000002 0.36796875 0.16875 0.0859375
1 0.5359375 0.21953125 0.103125 0.0453125
1 0.6015625 0.3125 0.0546875 0.1046875
1 0.63046875 0.44296875 0.1125 0.0359375
1 0.6109375 0.5859375 0.11875 0.0375
2 0.671875 0.4046875 0.1234375 0.0671875
2 0.46796875000000004 0.14140625 0.1359375 0.084375
