1 0.6734375 0.3515625 0.0921875 0.1578125
1 0.675 0.5140625 0.1 0.09375
1 0.6765625 0.5671875 0.0734375 0.0671875
1 0.43203125 0.48125 0.090625 0.1296875
0 0.55 0.584375 0.1359375 0.1828125
0 0.73984375 0.3328125 0.06875 0.2359375
0 0.46796875000000004 0.903125 0.1328125 0.15625
1 0.75703125 0.5296875 0.065625 0.1078125
3 0.46484375 0.42578125 0.2125 0.2234375
4 0.421875 0.3015625 0.271875 0.2203125
4 0.42890625000000004 0.17265625 0.38125 0.3140625
2 0.23828125 0.7265625 0.103125 0.1828125
0 0.25234375 0.85234375 0.20625 0.146875
2 0.60625 0.8828125 0.159375 0.2078125
