4 0.28828125 0.60703125 0.12421875 0.253125
4 0.3296875 0.32109375 0.1796875 0.31484375
4 0.9359375 0.734375 0.128125 0.16875
4 0.50703125 0.58828125 0.08828125 0.1828125
4 0.5734375 0.56484375 0.3828125 0.0765625
2 0.66953125 0.77265625 0.17578125 0.084375
3 0.4859375 0.90546875 0.2984375 0.18828125
6 0.5234375 0.47734375 0.31171875 0.07890625
2 0.5765625 0.4109375 0.2109375 0.0734375
1 0.559375 0.29609375 0.0640625 0.0625
1 0.94609375 0.48828125 0.1078125 0.03828125
1 0.98828125 0.5953125 0.0234375 0.08046875
1 0.8765625 0.559375 0.1390625 0.04609375
1 0.77265625 0.503125 0.0625 0.04765625
2 0.846875 0.65234375 0.1296875 0.08203125
0 0.66953125 0.325 0.12265625 0.0640625
0 0.63125 0.29375 0.0640625 0.08046875
0 0.8765625 0.3625 0.03125 0.0859375
0 0.92109375 0.33984375 0.084375 0.08046875
0 0.746875 0.328125 0.10625 0.053125
0 0.78359375 0.3453125 0.1828125 0.05859375