2 0.775 0.27421874999999996 0.2234375 0.1484375
2 0.61875 0.62421875 0.0859375 0.096875
2 0.40703125 0.6328125 0.059375 0.06875
0 0.7921875 0.41953125 0.159375 0.109375
0 0.715625 0.60859375 0.1296875 0.1578125
0 0.5421875 0.54140625 0.0625 0.11875
0 0.29375 0.50546875 0.05 0.0984375
0 0.30390625 0.54609375 0.075 0.05
0 0.36953125 0.58828125 0.0953125 0.059375
3 0.65859375 0.51484375 0.0671875 0.0796875
1 0.53828125 0.36015624999999996 0.078125 0.065625
1 0.55078125 0.39296875 0.053125 0.0265625
1 0.34296875 0.5375 0.053125 0.059375
1 0.48125 0.6359375 0.078125 0.0625
1 0.54609375 0.63984375 0.05 0.065625
1 0.40390625 0.59609375 0.05 0.0578125
4 0.4390625 0.7296875 0.19375 0.0765625
4 0.59453125 0.44062500000000004 0.3734375 0.0984375
4 0.37734375 0.48906249999999996 0.21875 0.0515625
4 0.315625 0.7015625 0.259375 0.1046875
4 0.2171875 0.596875 0.2640625 0.0765625
4 0.19296875 0.38359374999999996 0.2375 0.0703125
6 0.26171875 0.47578125000000004 0.2046875 0.065625
