1 0.52421875 0.6828125 0.19375 0.065625
1 0.13203125 0.63828125 0.1 0.109375
1 0.121875 0.4453125 0.1109375 0.0671875
1 0.25234375 0.28203125 0.1328125 0.0828125
1 0.534375 0.3203125 0.1671875 0.0796875
2 0.0703125 0.2390625 0.1265625 0.0953125
0 0.05546875 0.47890625 0.1109375 0.0859375
2 0.18828125 0.50703125 0.2828125 0.1828125
0 0.62109375 0.35390625 0.2140625 0.128125
3 0.49453125 0.19609375 0.1859375 0.1203125
4 0.2078125 0.10390625 0.184375 0.2078125
4 0.25 0.06171875 0.146875 0.1234375
2 0.51875 0.08984375 0.1546875 0.0625
6 0.75859375 0.06015625 0.1265625 0.1203125
4 0.95859375 0.09140625 0.0828125 0.1828125