0 0.52734375 0.5734375 0.09609375 0.2484375
0 0.6078125 0.49140625 0.18359375 0.24453125
0 0.72109375 0.64921875 0.24140625 0.0859375
0 0.37265625 0.0265625 0.1078125 0.053125
1 0.3453125 0.32421875 0.09453125 0.0609375
1 0.2265625 0.41640625 0.08046875 0.1375
1 0.28984375 0.56953125 0.1109375 0.15703125
1 0.13359375 0.6421875 0.13359375 0.1234375
1 0.06875 0.48515625 0.0484375 0.13046875
2 0.0546875 0.3078125 0.06640625 0.14453125
2 0.0484375 0.15859375 0.07109375 0.11796875
3 0.0578125 0.04921875 0.115625 0.0984375
4 0.17734375 0.13203125 0.1875 0.2640625
2 0.53515625 0.1421875 0.11796875 0.2015625