2 0.0890625 0.69765625 0.178125 0.24140625
1 0.21640625 0.60078125 0.16328125 0.103125
1 0.278125 0.77265625 0.08046875 0.16484375
1 0.30546875 0.24453125 0.09375 0.05625
0 0.07734375 0.26953125 0.1546875 0.0546875
0 0.37578125 0.57734375 0.084375 0.16484375
0 0.35859375 0.4578125 0.07265625 0.1328125
0 0.503125 0.67734375 0.21875 0.16875
0 0.5203125 0.30234375 0.08828125 0.08046875
0 0.45703125 0.2328125 0.14609375 0.07109375
2 0.35078125 0.28125 0.11640625 0.0484375
2 0.46171875 0.26015625 0.1125 0.07265625
4 0.1984375 0.109375 0.1046875 0.21875
4 0.30625 0.11796875 0.103125 0.2359375
4 0.36328125 0.08828125 0.0375 0.17578125
6 0.21171875 0.36015625 0.17578125 0.33125