0 0.51875 0.63515625 0.30234375 0.09375
0 0.50859375 0.7078125 0.2796875 0.04296875
0 0.3671875 0.52578125 0.22890625 0.09765625
1 0.33671875 0.43515625 0.13828125 0.08203125
1 0.5765625 0.3625 0.0703125 0.0734375
1 0.78828125 0.34296875 0.071875 0.08359375
1 0.42734375 0.20625 0.05625 0.04921875
0 0.5078125 0.20625 0.06484375 0.1078125
2 0.09921875 0.1328125 0.1296875 0.0578125
2 0.09453125 0.2875 0.0765625 0.075
4 0.025 0.12265625 0.04921875 0.15703125
4 0.46171875 0.03671875 0.0703125 0.0734375
3 0.22421875 0.17421875 0.16875 0.09921875
4 0.28515625 0.196875 0.2234375 0.17734375
4 0.23046875 0.3234375 0.4609375 0.21640625
2 0.546875 0.37421875 0.15 0.1515625