4 0.49140625 0.69296875 0.17734375 0.45703125
4 0.37890625 0.4796875 0.15703125 0.53671875
4 0.7015625 0.4703125 0.1640625 0.1515625
3 0.5953125 0.75078125 0.09296875 0.32265625
2 0.76640625 0.69375 0.128125 0.1859375
2 0.2421875 0.6625 0.12421875 0.2421875
1 0.18046875 0.846875 0.0453125 0.1125
1 0.28359375 0.43984375 0.0375 0.13828125
1 0.42578125 0.8171875 0.0671875 0.1453125
1 0.48671875 0.45859375 0.0796875 0.13984375
0 0.225 0.38203125 0.10546875 0.109375
0 0.121875 0.3734375 0.06640625 0.2109375
0 0.10703125 0.31484375 0.07109375 0.15546875
0 0.396875 0.9046875 0.1125 0.190625
2 0.50390625 0.41171875 0.08984375 0.1625
1 0.21796875 0.675 0.06015625 0.08671875