6 0.43281250000000004 0.5796875 0.296875 0.165625
2 0.19765624999999998 0.54140625 0.1453125 0.19375
4 0.28125 0.728125 0.3375 0.3671875
4 0.24375000000000002 0.85 0.2578125 0.2390625
4 0.61875 0.53515625 0.06875 0.3390625
4 0.71328125 0.5203125 0.2171875 0.25
4 0.93125 0.34453125 0.1375 0.0875
0 0.86328125 0.396875 0.078125 0.090625
0 0.821875 0.3609375 0.0359375 0.1625
0 0.5515625 0.9140625 0.078125 0.171875
1 0.4921875 0.934375 0.0890625 0.13125
3 0.2578125 0.90703125 0.184375 0.1859375
1 0.25546875 0.97265625 0.0640625 0.0546875
