4 0.63046875 0.10625 0.3453125 0.2125
4 0.38749999999999996 0.66015625 0.3796875 0.2203125
4 0.87890625 0.64921875 0.2421875 0.0984375
4 0.4453125 0.965625 0.16875 0.06875
6 0.74765625 0.40625 0.475 0.20625
0 0.31640625 0.390625 0.3125 0.115625
0 0.25078124999999996 0.4828125 0.3515625 0.090625
0 0.90234375 0.8265625 0.1765625 0.1734375
1 0.44765625 0.534375 0.18125 0.0625
1 0.5328125 0.7640625 0.1875 0.1125
1 0.66640625 0.925 0.1171875 0.15
1 0.821875 0.971875 0.1328125 0.05625
2 0.50859375 0.8546875 0.225 0.1515625
