2 0.5328125 0.58359375 0.175 0.28671875
2 0.41953125 0.4140625 0.0765625 0.1421875
2 0.7921875 0.0390625 0.1109375 0.078125
4 0.34921875 0.15 0.17734375 0.3
4 0.0390625 0.13125 0.078125 0.2625
6 0.7625 0.58359375 0.16171875 0.33359375
3 0.30546875 0.5625 0.22421875 0.1546875
3 0.65 0.12265625 0.1109375 0.1859375
0 0.6015625 0.25625 0.16484375 0.10390625
0 0.82890625 0.2921875 0.19609375 0.046875
0 0.8421875 0.1546875 0.17890625 0.08515625
0 0.875 0.04609375 0.1578125 0.0921875
1 0.77578125 0.1859375 0.10625 0.03984375
1 0.97578125 0.165625 0.0484375 0.10625
0 0.96484375 0.0484375 0.0703125 0.096875