0 0.80390625 0.54453125 0.05703125 0.371875
0 0.21796875 0.584375 0.03984375 0.3203125
0 0.128125 0.1046875 0.13125 0.209375
0 0.23359375 0.22578125 0.20859375 0.171875
0 0.28828125 0.3140625 0.08359375 0.28984375
0 0.41015625 0.8203125 0.3015625 0.128125
1 0.12578125 0.3953125 0.08515625 0.1234375
1 0.2484375 0.1140625 0.1 0.1453125
1 0.3625 0.5515625 0.075 0.2
1 0.5265625 0.41328125 0.09296875 0.18671875
1 0.50859375 0.60546875 0.08984375 0.1953125
1 0.584375 0.65546875 0.071875 0.21640625
1 0.63046875 0.4546875 0.0796875 0.203125
2 0.35859375 0.24921875 0.11796875 0.18515625
3 0.4265625 0.02734375 0.26328125 0.0546875