1 0.67890625 0.39609375 0.08671875 0.0828125
1 0.29765625 0.46953125 0.07734375 0.05
1 0.25390625 0.659375 0.0921875 0.12578125
1 0.12890625 0.69296875 0.10703125 0.0921875
1 0.20703125 0.53125 0.06640625 0.1109375
1 0.07265625 0.56015625 0.04765625 0.1140625
4 0.01640625 0.38671875 0.0328125 0.1921875
4 0.1734375 0.25546875 0.14765625 0.2640625
4 0.43984375 0.12265625 0.07578125 0.2453125
4 0.08515625 0.05625 0.11796875 0.1125
4 0.17890625 0.0296875 0.06640625 0.059375
3 0.059375 0.16015625 0.11796875 0.0734375
2 0.05625 0.28046875 0.06484375 0.10546875
2 0.0578125 0.4140625 0.06484375 0.1109375
2 0.45234375 0.3578125 0.1015625 0.175
0 0.428125 0.6890625 0.08125 0.18828125
0 0.553125 0.75859375 0.1640625 0.05
0 0.51171875 0.64140625 0.10703125 0.20859375
0 0.5859375 0.5828125 0.103125 0.16640625
0 0.63203125 0.53671875 0.10703125 0.1515625
0 0.6515625 0.46796875 0.121875 0.1109375