3 0.6734375 0.46328125 0.3765625 0.14609375
3 0.33359375 0.66953125 0.2546875 0.13984375
1 0.56640625 0.64765625 0.1421875 0.09609375
1 0.5453125 0.56171875 0.19375 0.07265625
1 0.45390625 0.45703125 0.08671875 0.13359375
1 0.3625 0.54375 0.06171875 0.1234375
1 0.09921875 0.415625 0.11796875 0.0796875
1 0.121875 0.2984375 0.071875 0.11953125
1 0.21640625 0.25 0.12734375 0.04453125
2 0.38671875 0.22187500000000004 0.178125 0.178125
5 0.26171875 0.44218749999999996 0.23671875 0.215625
5 0.63046875 0.24062499999999998 0.3796875 0.34296875
4 0.15234375 0.5609375 0.290625 0.09453125
6 0.67890625 0.79375 0.159375 0.36328125
