4 0.06015625 0.32890625 0.1203125 0.3
4 0.78828125 0.2765625 0.1296875 0.3484375
6 0.484375 0.259375 0.4140625 0.14375
4 0.1875 0.31796875 0.3 0.39296875
5 0.7546875 0.68125 0.4375 0.16171875
5 0.59375 0.16953125 0.26171875 0.06640625
2 0.24765625 0.77890625 0.17421875 0.20234375
1 0.20625 0.56484375 0.24375 0.07421875
1 0.48671875 0.53984375 0.12421875 0.1421875
1 0.5484375 0.74921875 0.225 0.1265625
1 0.75859375 0.58359375 0.1703125 0.06796875
1 0.90390625 0.49140625 0.06796875 0.11640625
1 0.57578125 0.41484375 0.16171875 0.06796875
1 0.690625 0.39609375 0.06328125 0.13671875