0 0.29296875 0.16328125 0.19453125 0.1078125
0 0.26015625 0.18828125 0.21796875 0.0875
0 0.21484375 0.3359375 0.17109375 0.21171875
0 0.28437500000000004 0.50078125 0.18203125 0.14140625
0 0.3140625 0.2875 0.21328125 0.0890625
1 0.45390624999999996 0.11796875 0.07578125 0.09140625
1 0.48828125 0.19375 0.04609375 0.11484375
2 0.48750000000000004 0.3171875 0.1 0.115625
2 0.47187500000000004 0.41640625 0.16484375 0.18828125
2 0.5296875 0.5984375 0.08515625 0.1296875
4 0.23984375000000002 0.66171875 0.10546875 0.15859375
4 0.428125 0.84609375 0.20078125 0.3078125
4 0.5875 0.84296875 0.25234375 0.27578125
4 0.70390625 0.28828125 0.2640625 0.16328125
4 0.80078125 0.475 0.3546875 0.1265625
