1 0.8171875 0.92578125 0.14375 0.0796875
1 0.484375 0.71640625 0.18125 0.0921875
1 0.68125 0.44140625 0.2203125 0.0953125
1 0.96328125 0.63125 0.0734375 0.090625
1 0.88671875 0.81484375 0.1546875 0.059375
0 0.46953125 0.784375 0.25625 0.059375
3 0.29765625 0.5328125 0.2890625 0.175
2 0.8609375 0.77578125 0.278125 0.1359375
4 0.7828125 0.54609375 0.434375 0.465625
4 0.48046875 0.603125 0.50625 0.2421875
2 0.67265625 0.4 0.2140625 0.1171875
2 0.1140625 0.43046874999999996 0.1546875 0.1296875
4 0.1703125 0.30625 0.31875 0.1765625
