4 0.3140625 0.90234375 0.27265625 0.1671875
4 0.265625 0.21250000000000002 0.3171875 0.11796875
6 0.25 0.48906249999999996 0.13125 0.3765625
4 0.303125 0.759375 0.35703125 0.27265625
5 0.63359375 0.24375000000000002 0.146875 0.39765625
5 0.16796875 0.38984375000000004 0.06015625 0.23828125
2 0.72265625 0.70390625 0.184375 0.15859375
1 0.528125 0.7421875 0.0671875 0.221875
1 0.50546875 0.48671875 0.1296875 0.1125
1 0.69609375 0.43046874999999996 0.115625 0.2046875
1 0.5453125 0.23906249999999996 0.06171875 0.1546875
1 0.4609375 0.10703125000000002 0.10625 0.06171875
1 0.39140625 0.40625 0.0625 0.146875
1 0.37421875 0.30156249999999996 0.12421875 0.05703125
