4 0.2875 0.878125 0.575 0.24375
4 0.3609375 0.575 0.721875 0.2015625
2 0.3375 0.74765625 0.1671875 0.1359375
1 0.27109375 0.73671875 0.1078125 0.15625
0 0.246875 0.75859375 0.04375 0.14375
1 0.1515625 0.80234375 0.06875 0.1140625
0 0.071875 0.83984375 0.059375 0.0859375
1 0.06875 0.30390625000000004 0.0625 0.1109375
1 0.12109375 0.3203125 0.05625 0.134375
0 0.2875 0.36015624999999996 0.178125 0.1328125
1 0.46796875 0.390625 0.1359375 0.1265625
2 0.453125 0.22343749999999996 0.209375 0.165625
3 0.25546875 0.14687499999999998 0.228125 0.1953125
0 0.48125 0.039843749999999956 0.253125 0.0796875
2 0.0703125 0.050000000000000044 0.11875 0.1
4 0.215625 0.028906250000000022 0.196875 0.0578125
