5 0.19609375 0.7484375 0.3921875 0.484375
5 0.625 0.41640625 0.2984375 0.4015625
2 0.409375 0.80390625 0.20859375 0.2921875
3 0.1921875 0.4890625 0.34140625 0.17265625
3 0.5640625 0.1265625 0.26640625 0.1671875
6 0.1984375 0.14296875 0.16015625 0.2859375
1 0.3125 0.20390625 0.13203125 0.14609375
1 0.321875 0.30625 0.1609375 0.13828125
1 0.390625 0.44609375 0.06484375 0.21875
1 0.51015625 0.28828125 0.0828125 0.19375
1 0.6578125 0.76484375 0.171875 0.09921875
1 0.81328125 0.67109375 0.1421875 0.23203125
1 0.8890625 0.4453125 0.19453125 0.13671875
4 0.7828125 0.171875 0.41484375 0.1328125