4 0.4359375 0.87109375 0.2 0.09140625
4 0.4125 0.77109375 0.3046875 0.14296875
4 0.2328125 0.24140625000000004 0.4109375 0.240625
6 0.29453125 0.5234375 0.1953125 0.4078125
5 0.16484375 0.3890625 0.12734375 0.26640625
5 0.7 0.3453125 0.16796875 0.4015625
2 0.7796875 0.7765625 0.1625 0.09921875
1 0.60390625 0.753125 0.071875 0.15078125
1 0.75546875 0.54375 0.11484375 0.1703125
1 0.5609375 0.55625 0.13671875 0.08046875
1 0.41796875 0.53984375 0.09296875 0.14140625
1 0.3984375 0.41874999999999996 0.12421875 0.08359375
1 0.59140625 0.30859375 0.065625 0.1703125
1 0.4578125 0.08359375000000002 0.14453125 0.09921875
