4 0.65625 0.8515625 0.196875 0.2078125
4 0.6390625 0.728125 0.1875 0.15
1 0.59375 0.34375 0.0734375 0.1203125
1 0.5125 0.12734375 0.059375 0.11875
1 0.48671875 0.28671875 0.040625 0.134375
0 0.59453125 0.22890625 0.0921875 0.2359375
0 0.36171875 0.2671875 0.1796875 0.1875
0 0.23828125 0.32734375 0.1 0.303125
0 0.16015625 0.5953125 0.28125 0.234375
0 0.29218750000000004 0.64140625 0.15625 0.2171875
0 0.35234374999999996 0.48515625 0.10625 0.1359375
1 0.07890624999999996 0.77578125 0.075 0.20625
2 0.46796875000000004 0.4 0.19375 0.2578125
2 0.31953125000000004 0.4328125 0.0890625 0.184375
3 0.47421875 0.59921875 0.1421875 0.2578125
1 0.5890625 0.58046875 0.08125 0.0703125
6 0.47890625 0.65078125 0.2515625 0.24375
2 0.234375 0.65703125 0.134375 0.184375
