4 0.69765625 0.74375 0.159375 0.15625
4 0.34609375 0.08984375 0.1578125 0.1796875
0 0.61015625 0.51796875 0.153125 0.1703125
0 0.48125 0.30937499999999996 0.0765625 0.2140625
6 0.26640625 0.73515625 0.278125 0.1625
2 0.328125 0.54296875 0.14375 0.2078125
2 0.31484375 0.34062499999999996 0.0703125 0.1125
3 0.2359375 0.37187499999999996 0.1140625 0.1453125
3 0.58046875 0.16562500000000002 0.1015625 0.3
1 0.84609375 0.39140624999999996 0.1453125 0.0828125
2 0.684375 0.039843749999999956 0.1265625 0.0796875
