4 0.14609375 0.665625 0.146875 0.24375
4 0.2578125 0.6765625 0.23125 0.33359375
4 0.76953125 0.7546875 0.1625 0.3390625
2 0.30625 0.31328124999999996 0.12578125 0.15625
1 0.2859375 0.4765625 0.18203125 0.0734375
1 0.4953125 0.51015625 0.1046875 0.13125
1 0.5421875 0.33515625000000004 0.17734375 0.11328125
1 0.5875 0.615625 0.15546875 0.07109375
1 0.68828125 0.634375 0.0640625 0.10625
1 0.7328125 0.4765625 0.1375 0.06640625
1 0.8828125 0.5640625 0.06875 0.11328125
5 0.709375 0.38749999999999996 0.3578125 0.1359375
5 0.62578125 0.8390625 0.2421875 0.090625
6 0.52109375 0.7484375 0.3859375 0.15
