3 0.5046875 0.6515625 0.15703125 0.40390625
3 0.28359375 0.28671875 0.15 0.27421875
1 0.30703125 0.5375 0.103125 0.15234375
1 0.39921875 0.5140625 0.078125 0.20859375
1 0.51171875 0.41640625 0.14296875 0.09375
1 0.41875 0.31796875 0.1328125 0.06640625
1 0.55546875 0.0484375 0.0859375 0.096875
1 0.68203125 0.059375 0.12890625 0.0765625
1 0.73359375 0.1609375 0.04765625 0.13671875
2 0.7640625 0.34375 0.190625 0.19140625
5 0.528125 0.209375 0.23125 0.2546875
5 0.74375 0.60546875 0.36796875 0.40859375
4 0.4 0.12421875 0.1015625 0.24765625
6 0.171875 0.65703125 0.34375 0.1703125