0 0.56953125 0.6078125 0.084375 0.2171875
0 0.63984375 0.5359375 0.1609375 0.2140625
0 0.7390625 0.67421875 0.2109375 0.075
0 0.43515625 0.1046875 0.09375 0.096875
1 0.41015625 0.38984375 0.0828125 0.053125
1 0.30625 0.4703125 0.0703125 0.1203125
1 0.36171875 0.6046875 0.096875 0.1375
1 0.225 0.66796875 0.1171875 0.1078125
1 0.16796875 0.53046875 0.0421875 0.1140625
4 0.06484375 0.36640625 0.1296875 0.1890625
2 0.15546875 0.37578125 0.0578125 0.1265625
2 0.15 0.2453125 0.0625 0.103125
3 0.1375 0.146875 0.14375 0.0921875
4 0.2640625 0.1984375 0.1640625 0.2796875
4 0.19921875 0.040625 0.0921875 0.08125
4 0.5421875 0.05703125 0.0859375 0.1140625
2 0.57578125 0.23046875 0.103125 0.1765625