3 0.18359375 0.91953125 0.134375 0.090625
3 0.3265625 0.61484375 0.125 0.1515625
0 0.65234375 0.48906249999999996 0.159375 0.1359375
0 0.51015625 0.7484375 0.184375 0.046875
0 0.315625 0.73125 0.1328125 0.06875
0 0.34765625 0.25312500000000004 0.1296875 0.1390625
0 0.49921875 0.6328125 0.1734375 0.071875
0 0.50546875 0.55859375 0.159375 0.090625
4 0.1109375 0.6640625 0.0875 0.2171875
4 0.634375 0.81171875 0.23125 0.1578125
1 0.6421875 0.63046875 0.04375 0.0953125
1 0.45 0.66484375 0.0921875 0.0296875
1 0.56015625 0.42578125 0.11875 0.08125
1 0.41796875 0.40312499999999996 0.1046875 0.0625
1 0.38828125 0.33984375 0.0734375 0.0875
1 0.50234375 0.3375 0.103125 0.065625
1 0.48125 0.28437500000000004 0.1015625 0.0875
0 0.6390625 0.3046875 0.203125 0.1390625
2 0.44140625 0.53984375 0.115625 0.0625
