4 0.72421875 0.84140625 0.2265625 0.190625
4 0.84765625 0.05234375 0.1609375 0.1046875
3 0.96640625 0.25703125 0.0671875 0.1890625
0 0.7625 0.33125 0.05 0.2296875
0 0.69765625 0.58359375 0.09375 0.215625
0 0.59140625 0.5203125 0.0359375 0.25
0 0.453125 0.49453125 0.153125 0.175
0 0.3921875 0.65390625 0.1953125 0.159375
0 0.16874999999999996 0.5265625 0.15625 0.3484375
3 0.6484375 0.2515625 0.1296875 0.2640625
1 0.63984375 0.471875 0.065625 0.14375
1 0.37109375 0.2609375 0.109375 0.128125
1 0.2984375 0.159375 0.1375 0.0875
1 0.26093750000000004 0.3484375 0.1046875 0.134375
1 0.19140625 0.2828125 0.1484375 0.146875
1 0.35234374999999996 0.48984375 0.1140625 0.1390625
1 0.53515625 0.690625 0.0859375 0.071875
2 0.515625 0.37890625 0.1109375 0.13125
