2 0.7046875 0.8171875 0.2015625 0.196875
1 0.6234375 0.68671875 0.0859375 0.1359375
1 0.76640625 0.63515625 0.1375 0.0671875
1 0.32578125 0.6125 0.046875 0.078125
0 0.3484375 0.81484375 0.0453125 0.15625
0 0.60390625 0.55390625 0.1375 0.0703125
0 0.50390625 0.56796875 0.1109375 0.0609375
0 0.68671875 0.44765625 0.140625 0.1828125
0 0.37421875 0.43281250000000004 0.0671875 0.0734375
0 0.31640625 0.4859375 0.059375 0.121875
2 0.35625 0.57421875 0.040625 0.096875
2 0.3390625 0.48203125 0.0609375 0.09375
4 0.19375 0.7015625 0.2234375 0.0875
4 0.17421875 0.6109375 0.290625 0.0859375
4 0.16640625 0.56328125 0.20625 0.03125
6 0.42265625 0.690625 0.2765625 0.146875
