6 0.39765625 0.41093749999999996 0.3796875 0.2015625
2 0.43125 0.63046875 0.1875 0.2765625
2 0.30390625 0.715625 0.1125 0.1203125
2 0.1203125 0.09296875000000004 0.0453125 0.1609375
3 0.37265625 0.8734375 0.1265625 0.253125
3 0.16015625 0.3140625 0.1359375 0.1125
0 0.2328125 0.41718750000000004 0.0859375 0.184375
0 0.28359375 0.13046875000000002 0.0484375 0.2609375
0 0.20078125 0.07968750000000002 0.08125 0.159375
4 0.12109375 0.6953125 0.190625 0.290625
1 0.21171875 0.15546875000000004 0.0484375 0.1515625
1 0.021875 0.08203125 0.04375 0.1203125
1 0.059375 0.06796875000000002 0.0328125 0.1359375
