4 0.3203125 0.153125 0.26875 0.30625
4 0.90234375 0.53828125 0.1703125 0.28203125
4 0.303125 0.79296875 0.275 0.18671875
2 0.20703125 0.24609375 0.18203125 0.23671875
2 0.64765625 0.40234375 0.146875 0.13828125
2 0.72578125 0.9578125 0.1828125 0.084375
1 0.60234375 0.97578125 0.08515625 0.0484375
1 0.71015625 0.75078125 0.125 0.20859375
1 0.69296875 0.540625 0.11640625 0.103125
1 0.2921875 0.60390625 0.0984375 0.16640625
1 0.2078125 0.6125 0.078125 0.1296875
3 0.415625 0.3921875 0.1984375 0.1984375
0 0.36640625 0.20078125 0.1484375 0.18203125
0 0.60859375 0.2375 0.21171875 0.14140625
0 0.509375 0.565625 0.21328125 0.096875
4 0.90859375 0.9296875 0.1828125 0.1375