1 0.1421875 0.48984375 0.06875 0.10078125
1 0.4515625 0.65546875 0.078125 0.07421875
1 0.39765625 0.35859375000000004 0.0625 0.1421875
1 0.60625 0.553125 0.03125 0.1078125
1 0.28828125 0.58203125 0.03671875 0.07109375
2 0.31015625 0.5671875 0.1171875 0.16796875
2 0.78828125 0.24687499999999996 0.15078125 0.12421875
2 0.6359375 0.56796875 0.06171875 0.1265625
0 0.31796875 0.30781250000000004 0.05078125 0.21953125
0 0.353125 0.7625 0.125 0.10859375
0 0.4296875 0.70859375 0.11640625 0.03828125
0 0.37109375 0.78515625 0.11484375 0.04140625
3 0.61953125 0.28437500000000004 0.12421875 0.2859375
4 0.5171875 0.40312499999999996 0.15546875 0.396875
4 0.51171875 0.59453125 0.30078125 0.30703125
4 0.85 0.515625 0.13671875 0.315625
