3 0.521875 0.66875 0.18046875 0.45
3 0.72265625 0.45859375 0.4140625 0.1765625
6 0.18359375 0.68984375 0.3671875 0.4453125
1 0.2703125 0.528125 0.1703125 0.09921875
1 0.43828125 0.49453125 0.090625 0.2140625
1 0.40625 0.32890625 0.10859375 0.109375
1 0.6125 0.24296875 0.14296875 0.13671875
1 0.82890625 0.03359375 0.13359375 0.06640625
1 0.9375 0.0328125 0.12421875 0.065625
1 0.9625 0.07265625 0.07421875 0.0953125
5 0.28515625 0.30625 0.23125 0.26015625
5 0.53046875 0.1328125 0.1078125 0.265625
2 0.71015625 0.24921875 0.18671875 0.13046875
4 0.4359375 0.14375 0.08828125 0.27109375