4 0.69140625 0.44375 0.1890625 0.09453125
4 0.225 0.34375 0.25078125 0.2515625
1 0.490625 0.553125 0.09296875 0.0890625
1 0.38046875 0.76796875 0.06015625 0.10078125
1 0.09609375 0.7125 0.034375 0.07890625
1 0.28515625 0.49375 0.06328125 0.0765625
0 0.33203125 0.81640625 0.103125 0.15
0 0.11171875 0.40703124999999996 0.09921875 0.1296875
0 0.10703125 0.37031250000000004 0.10703125 0.0859375
0 0.20859375 0.44375 0.10703125 0.03671875
2 0.81171875 0.82109375 0.1359375 0.13203125
2 0.5703125 0.35 0.1359375 0.08359375
2 0.1984375 0.621875 0.12265625 0.15546875
1 0.16796875 0.6328125 0.0515625 0.0609375
3 0.59765625 0.77578125 0.21796875 0.17734375
