1 0.715625 0.41640625 0.0734375 0.0703125
1 0.39296875 0.47890625 0.065625 0.0421875
1 0.35546875 0.63984375 0.078125 0.10625
1 0.25 0.66796875 0.090625 0.078125
1 0.315625 0.53125 0.05625 0.09375
1 0.20234375 0.55546875 0.040625 0.096875
4 0.1125 0.41015625 0.1125 0.1625
4 0.2875 0.29765625 0.125 0.2234375
4 0.51328125 0.14453125 0.0640625 0.2890625
4 0.2125 0.08828125 0.1 0.1765625
4 0.2921875 0.065625 0.05625 0.13125
4 0.3140625 0.02890625 0.040625 0.0578125
6 0.25625 0.04296875 0.0640625 0.0859375
3 0.17109375 0.2171875 0.1390625 0.0625
2 0.18828125 0.31875 0.0546875 0.0890625
2 0.18984375 0.43203125 0.0546875 0.09375
2 0.5234375 0.384375 0.0859375 0.1484375
0 0.503125 0.66484375 0.06875 0.159375
0 0.609375 0.7234375 0.1390625 0.0421875
0 0.57421875 0.62421875 0.090625 0.1765625
0 0.63671875 0.575 0.0875 0.140625
0 0.67578125 0.5359375 0.090625 0.128125
0 0.6921875 0.47734375 0.103125 0.09375