4 0.8046875 0.321875 0.2109375 0.4828125
4 0.96015625 0.49765625 0.078125 0.2203125
6 0.77421875 0.08359375 0.125 0.1671875
4 0.66015625 0.040625 0.0625 0.08125
3 0.6609375 0.2625 0.1921875 0.1109375
1 0.51328125 0.42890625 0.1453125 0.115625
2 0.6421875 0.76953125 0.2109375 0.2203125
1 0.47109375 0.19765625 0.0921875 0.09375
0 0.43281250000000004 0.14453125 0.1453125 0.096875
1 0.13046875000000002 0.12890625 0.0859375 0.0828125
1 0.2109375 0.4421875 0.0765625 0.165625
2 0.15000000000000002 0.35703125 0.271875 0.2125
0 0.11875000000000002 0.49140625 0.0859375 0.240625
1 0.03671875000000002 0.325 0.0734375 0.0625
4 0.08046874999999998 0.5859375 0.1609375 0.378125
