0 0.775 0.47421875 0.2046875 0.3046875
0 0.7453125 0.82578125 0.509375 0.3484375
0 0.3125 0.1640625 0.06875 0.0921875
1 0.40156250000000004 0.14296875 0.0859375 0.0625
1 0.050000000000000044 0.48515625 0.1 0.1296875
1 0.1953125 0.525 0.1796875 0.11875
1 0.70859375 0.31640625 0.1984375 0.0796875
1 0.740625 0.10859375 0.1109375 0.059375
2 0.76171875 0.0765625 0.1375 0.1015625
4 0.41484374999999996 0.27890625 0.5796875 0.4578125
4 0.51171875 0.075 0.3453125 0.10625
2 0.43671875000000004 0.4078125 0.2515625 0.209375
