3 0.4609375 0.65703125 0.1625 0.4046875
3 0.28046875000000004 0.46796875 0.37265625 0.15859375
6 0.7796875 0.6765625 0.36015625 0.40078125
1 0.6875 0.53046875 0.153125 0.0890625
1 0.5359375 0.50078125 0.08125 0.1921875
1 0.565625 0.3515625 0.09765625 0.09765625
1 0.37968749999999996 0.27421875 0.12890625 0.1234375
1 0.18437499999999996 0.075 0.11953125 0.08359375
1 0.07578125000000002 0.0796875 0.13359375 0.06953125
1 0.051562499999999956 0.121875 0.0921875 0.084375
5 0.67421875 0.33125 0.20859375 0.234375
5 0.45234375000000004 0.17578125 0.096875 0.23984375
2 0.29140625 0.28046875 0.16796875 0.1171875
4 0.53828125 0.18515625 0.07890625 0.24375
