1 0.0921875 0.50078125 0.07734375 0.11328125
1 0.44140625 0.31484375 0.0875 0.08359375
1 0.38046875 0.6484375 0.0703125 0.159375
1 0.61484375 0.4296875 0.03515625 0.12109375
1 0.25703125 0.396875 0.040625 0.08046875
2 0.28125 0.4140625 0.13203125 0.1890625
2 0.8203125 0.775 0.16953125 0.13984375
2 0.6484375 0.41328125 0.06875 0.1421875
0 0.290625 0.70546875 0.05703125 0.24765625
0 0.3296875 0.19453125 0.14140625 0.121875
0 0.41640625 0.25390625 0.13046875 0.04296875
0 0.35078125 0.16796875 0.12890625 0.04609375
3 0.63046875 0.7328125 0.1390625 0.321875
4 0.5140625 0.5984375 0.175 0.446875
4 0.509375 0.3828125 0.3390625 0.34609375
4 0.88984375 0.471875 0.1546875 0.35546875