4 0.21015625 0.59765625 0.13671875 0.27734375
4 0.2546875 0.284375 0.196875 0.3453125
4 0.92421875 0.7359375 0.1515625 0.184375
4 0.45 0.5765625 0.09609375 0.20078125
4 0.521875 0.5515625 0.41953125 0.084375
2 0.62734375 0.77890625 0.19296875 0.0921875
3 0.42578125 0.91015625 0.3265625 0.1796875
6 0.46796875 0.4546875 0.34140625 0.08671875
2 0.52578125 0.3828125 0.23125 0.08046875
1 0.50703125 0.25625 0.0703125 0.06796875
1 0.9359375 0.4671875 0.128125 0.0421875
1 0.98203125 0.584375 0.0359375 0.08828125
1 0.8546875 0.5453125 0.15234375 0.05
1 0.740625 0.4828125 0.06796875 0.05234375
2 0.82265625 0.646875 0.1421875 0.090625
0 0.62734375 0.28828125 0.134375 0.0703125
0 0.58515625 0.25390625 0.0703125 0.08828125
0 0.8546875 0.3296875 0.034375 0.09453125
0 0.90390625 0.30390625 0.0921875 0.08828125
0 0.7125 0.29140625 0.11640625 0.05859375
0 0.753125 0.31015625 0.20078125 0.0640625