4 0.1953125 0.678125 0.2109375 0.4828125
4 0.03984375 0.50234375 0.078125 0.2203125
6 0.22578125 0.91640625 0.125 0.1671875
4 0.33984375 0.959375 0.0625 0.08125
3 0.3390625 0.7375 0.1921875 0.1109375
1 0.48671875 0.57109375 0.1453125 0.115625
2 0.3578125 0.23046875 0.2109375 0.2203125
1 0.52890625 0.80234375 0.0921875 0.09375
0 0.5671875 0.85546875 0.1453125 0.096875
1 0.86953125 0.87109375 0.0859375 0.0828125
1 0.7890625 0.5578125 0.0765625 0.165625
2 0.85 0.64296875 0.271875 0.2125
0 0.88125 0.50859375 0.0859375 0.240625
1 0.96328125 0.675 0.0734375 0.0625
4 0.91953125 0.4140625 0.1609375 0.378125
