3 0.91953125 0.18359375 0.090625 0.134375
3 0.61484375 0.3265625 0.1515625 0.125
0 0.48906249999999996 0.65234375 0.1359375 0.159375
0 0.7484375 0.51015625 0.046875 0.184375
0 0.73125 0.315625 0.06875 0.1328125
0 0.25312500000000004 0.34765625 0.1390625 0.1296875
0 0.6328125 0.49921875 0.071875 0.1734375
0 0.55859375 0.50546875 0.090625 0.159375
4 0.6640625 0.1109375 0.2171875 0.0875
4 0.81171875 0.634375 0.1578125 0.23125
1 0.63046875 0.6421875 0.0953125 0.04375
1 0.66484375 0.45 0.0296875 0.0921875
1 0.42578125 0.56015625 0.08125 0.11875
1 0.40312499999999996 0.41796875 0.0625 0.1046875
1 0.33984375 0.38828125 0.0875 0.0734375
1 0.3375 0.50234375 0.065625 0.103125
1 0.28437500000000004 0.48125 0.0875 0.1015625
0 0.3046875 0.6390625 0.1390625 0.203125
2 0.53984375 0.44140625 0.0625 0.115625
