0 0.59453125 0.7375 0.178125 0.078125
0 0.62578125 0.62578125 0.14375 0.1640625
0 0.5375 0.55234375 0.1796875 0.115625
0 0.50859375 0.53984375 0.059375 0.20625
0 0.4015625 0.428125 0.1109375 0.1640625
0 0.4296875 0.4140625 0.140625 0.1078125
1 0.359375 0.34140625 0.0984375 0.109375
1 0.8015625 0.31796875 0.090625 0.065625
1 0.9234375 0.36015624999999996 0.09375 0.125
1 0.903125 0.52578125 0.115625 0.115625
2 0.609375 0.22109374999999998 0.15625 0.221875
4 0.91640625 0.08359375000000002 0.1671875 0.1671875
