0 0.3921875 0.56953125 0.2171875 0.084375
0 0.46406250000000004 0.63984375 0.2140625 0.1609375
0 0.32578125 0.7390625 0.075 0.2109375
0 0.8953125 0.43515625 0.096875 0.09375
1 0.61015625 0.41015625 0.053125 0.0828125
1 0.5296875 0.30625 0.1203125 0.0703125
1 0.39531249999999996 0.36171875 0.1375 0.096875
1 0.33203125 0.225 0.1078125 0.1171875
1 0.46953124999999996 0.16796875 0.1140625 0.0421875
4 0.63359375 0.06484375 0.1890625 0.1296875
2 0.62421875 0.15546875 0.1265625 0.0578125
2 0.7546875 0.15 0.103125 0.0625
3 0.853125 0.1375 0.0921875 0.14375
4 0.8015625 0.2640625 0.2796875 0.1640625
4 0.959375 0.19921875 0.08125 0.0921875
4 0.94296875 0.5421875 0.1140625 0.0859375
2 0.76953125 0.57578125 0.1765625 0.103125
