0 0.58203125 0.88984375 0.109375 0.1515625
0 0.59765625 0.8921875 0.11875 0.1546875
0 0.62421875 0.81640625 0.10234375 0.22890625
0 0.59921875 0.690625 0.07890625 0.12421875
0 0.55390625 0.79296875 0.1 0.11640625
1 0.4671875 0.84140625 0.1265625 0.04765625
1 0.4875 0.77578125 0.02109375 0.0671875
2 0.4765625 0.7015625 0.0609375 0.0796875
2 0.49140625 0.6828125 0.07421875 0.09375
2 0.4515625 0.51015625 0.05859375 0.07734375
4 0.43515625 0.5984375 0.42265625 0.1203125
4 0.3015625 0.67734375 0.30234375 0.08203125
4 0.2484375 0.5765625 0.36328125 0.0921875
4 0.2796875 0.4125 0.42578125 0.0875
4 0.27734375 0.321875 0.52890625 0.09296875
