4 0.15859375 0.72734375 0.1671875 0.08125
6 0.30703125 0.7125 0.2296875 0.1015625
4 0.31953125 0.86015625 0.1765625 0.1171875
4 0.53515625 0.81015625 0.2828125 0.1375
4 0.42265625 0.32890624999999996 0.35 0.1171875
4 0.6515625 0.6859375 0.2109375 0.0859375
4 0.39453125 0.59921875 0.203125 0.071875
1 0.4078125 0.46640625 0.046875 0.0765625
1 0.44609375 0.48671875 0.040625 0.08125
1 0.6515625 0.5859375 0.075 0.0765625
1 0.6171875 0.65703125 0.0859375 0.05
1 0.4484375 0.73828125 0.05625 0.0796875
1 0.53203125 0.71640625 0.0578125 0.0875
0 0.38515625 0.7703125 0.0609375 0.0765625
0 0.4296875 0.775 0.04375 0.0671875
0 0.50390625 0.73984375 0.03125 0.1
0 0.55625 0.53984375 0.1078125 0.090625
0 0.56875 0.303125 0.103125 0.065625
0 0.6828125 0.41718750000000004 0.1390625 0.1375
3 0.54453125 0.43359375 0.1390625 0.0546875
2 0.56796875 0.73125 0.0765625 0.0671875
2 0.4625 0.28046875000000004 0.134375 0.1125
