1 0.8578125 0.51015625 0.06875 0.10078125
1 0.5484375 0.34453125 0.078125 0.07421875
1 0.60234375 0.64140625 0.0625 0.1421875
1 0.39375000000000004 0.446875 0.03125 0.1078125
1 0.71171875 0.41796875 0.03671875 0.07109375
2 0.68984375 0.4328125 0.1171875 0.16796875
2 0.21171874999999996 0.753125 0.15078125 0.12421875
2 0.36406249999999996 0.43203125 0.06171875 0.1265625
0 0.68203125 0.6921875 0.05078125 0.21953125
0 0.646875 0.2375 0.125 0.10859375
0 0.5703125 0.29140625 0.11640625 0.03828125
0 0.62890625 0.21484375 0.11484375 0.04140625
3 0.38046875 0.715625 0.12421875 0.2859375
4 0.4828125 0.596875 0.15546875 0.396875
4 0.48828125 0.40546875 0.30078125 0.30703125
4 0.15000000000000002 0.484375 0.13671875 0.315625
