4 0.87109375 0.4359375 0.09140625 0.2
4 0.77109375 0.4125 0.14296875 0.3046875
4 0.24140625000000004 0.2328125 0.240625 0.4109375
6 0.5234375 0.29453125 0.4078125 0.1953125
5 0.3890625 0.16484375 0.26640625 0.12734375
5 0.3453125 0.7 0.4015625 0.16796875
2 0.7765625 0.7796875 0.09921875 0.1625
1 0.753125 0.60390625 0.15078125 0.071875
1 0.54375 0.75546875 0.1703125 0.11484375
1 0.55625 0.5609375 0.08046875 0.13671875
1 0.53984375 0.41796875 0.14140625 0.09296875
1 0.41874999999999996 0.3984375 0.08359375 0.12421875
1 0.30859375 0.59140625 0.1703125 0.065625
1 0.08359375000000002 0.4578125 0.09921875 0.14453125
