0 0.328125 0.66796875 0.1609375 0.10859375
0 0.43359375 0.6671875 0.12734375 0.13984375
0 0.275 0.5359375 0.12734375 0.23515625
0 0.26796875 0.490625 0.1359375 0.22578125
1 0.34843749999999996 0.2765625 0.096875 0.0546875
1 0.37421875000000004 0.23984375 0.071875 0.0984375
2 0.44453125000000004 0.346875 0.09453125 0.11953125
2 0.48124999999999996 0.4203125 0.13984375 0.2140625
2 0.57421875 0.4515625 0.03828125 0.11640625
4 0.61953125 0.15234375 0.290625 0.17734375
4 0.73046875 0.1796875 0.34296875 0.17265625
4 0.7140625 0.5765625 0.25390625 0.115625
4 0.66796875 0.71484375 0.2734375 0.16875
4 0.53671875 0.79140625 0.1890625 0.1390625
0 0.3578125 0.53515625 0.10078125 0.2625
