1 0.94609375 0.54375 0.10625 0.0921875
1 0.88671875 0.3046875 0.0765625 0.06875
1 0.55390625 0.1765625 0.0859375 0.0609375
1 0.58671875 0.23984375 0.0859375 0.05
1 0.58359375 0.4296875 0.0828125 0.1265625
0 0.88046875 0.24296875 0.0953125 0.053125
2 0.95703125 0.58359375 0.0859375 0.15625
4 0.9359375 0.4078125 0.128125 0.221875
0 0.4515625 0.42734375 0.1734375 0.15625
0 0.24921875000000004 0.36640625 0.121875 0.1640625
0 0.18046874999999996 0.39453125 0.04375 0.19375
2 0.58515625 0.2765625 0.221875 0.128125
4 0.83984375 0.478125 0.19375 0.51875
