1 0.3265625 0.6484375 0.0921875 0.1578125
1 0.325 0.4859375 0.1 0.09375
1 0.3234375 0.43281250000000004 0.0734375 0.0671875
1 0.56796875 0.51875 0.090625 0.1296875
0 0.45 0.415625 0.1359375 0.1828125
0 0.26015625 0.6671875 0.06875 0.2359375
0 0.53203125 0.09687500000000004 0.1328125 0.15625
1 0.24296875 0.4703125 0.065625 0.1078125
3 0.53515625 0.57421875 0.2125 0.2234375
4 0.578125 0.6984375 0.271875 0.2203125
4 0.57109375 0.82734375 0.38125 0.3140625
2 0.76171875 0.2734375 0.103125 0.1828125
0 0.74765625 0.14765625000000004 0.20625 0.146875
2 0.39375 0.1171875 0.159375 0.2078125
