4 0.25859375 0.46328125 0.10625 0.215625
4 0.29375 0.70703125 0.153125 0.26875
4 0.83203125 0.35468750000000004 0.1515625 0.14375
4 0.4453125 0.47968750000000004 0.075 0.15625
4 0.5015625 0.49921875000000004 0.3265625 0.065625
2 0.58359375 0.321875 0.15 0.071875
3 0.428125 0.20156249999999998 0.2546875 0.1734375
6 0.459375 0.57421875 0.265625 0.0671875
2 0.5046875 0.63046875 0.1796875 0.0625
1 0.48984375 0.72890625 0.0546875 0.053125
1 0.8265625 0.5640625 0.10625 0.0328125
1 0.9203125 0.52734375 0.0828125 0.0640625
1 0.8765625 0.47343749999999996 0.0609375 0.06875
1 0.76015625 0.50390625 0.11875 0.0390625
1 0.671875 0.55234375 0.053125 0.040625
2 0.73515625 0.42500000000000004 0.1109375 0.0703125
0 0.58359375 0.70390625 0.1046875 0.0546875
0 0.55078125 0.73046875 0.0546875 0.06875
0 0.76015625 0.671875 0.0265625 0.0734375
0 0.7984375 0.69140625 0.071875 0.06875
0 0.65 0.7015625 0.090625 0.0453125
0 0.68125 0.68671875 0.15625 0.05
