4 0.46015625 0.41718750000000004 0.146875 0.37890625
4 0.36640625 0.59375 0.13046875 0.4453125
4 0.634375 0.6015625 0.1359375 0.12578125
3 0.54609375 0.36875 0.0765625 0.26796875
2 0.68828125 0.41640625 0.10625 0.15390625
2 0.253125 0.44218749999999996 0.103125 0.20078125
1 0.2015625 0.28984374999999996 0.03828125 0.09296875
1 0.28671875 0.62734375 0.03125 0.11484375
1 0.40546875 0.3140625 0.05625 0.12109375
1 0.45546875 0.61171875 0.065625 0.115625
0 0.2390625 0.675 0.0875 0.090625
0 0.153125 0.68203125 0.05546875 0.175
0 0.14140625 0.73046875 0.059375 0.12890625
0 0.3828125 0.23671874999999998 0.09453125 0.165625
2 0.4703125 0.65078125 0.075 0.13515625
1 0.2328125 0.43281250000000004 0.05 0.071875
