4 0.83515625 0.30390625 0.3296875 0.2515625
4 0.453125 0.84921875 0.2640625 0.159375
4 0.21406250000000004 0.2875 0.175 0.2578125
2 0.72734375 0.196875 0.221875 0.1703125
2 0.58046875 0.61015625 0.1296875 0.1375
2 0.04921874999999998 0.684375 0.0984375 0.171875
1 0.03281250000000002 0.56796875 0.065625 0.0796875
1 0.25390625 0.66875 0.1953125 0.1171875
1 0.45078125 0.653125 0.096875 0.109375
1 0.39140624999999996 0.27734375 0.15625 0.0921875
1 0.38359374999999996 0.19765625 0.121875 0.0734375
3 0.58984375 0.39296875 0.1859375 0.1859375
0 0.76953125 0.346875 0.1703125 0.1390625
0 0.73515625 0.5734375 0.1328125 0.1984375
0 0.42734375 0.48046875 0.090625 0.2
4 0.07499999999999996 0.88515625 0.15 0.228125
