4 0.27265625 0.15859375 0.08125 0.1671875
6 0.2875 0.30703125 0.1015625 0.2296875
4 0.13984375 0.31953125 0.1171875 0.1765625
4 0.18984375 0.53515625 0.1375 0.2828125
4 0.67109375 0.42265625 0.1171875 0.35
4 0.3140625 0.6515625 0.0859375 0.2109375
4 0.40078125 0.39453125 0.071875 0.203125
1 0.53359375 0.4078125 0.0765625 0.046875
1 0.51328125 0.44609375 0.08125 0.040625
1 0.4140625 0.6515625 0.0765625 0.075
1 0.34296875 0.6171875 0.05 0.0859375
1 0.26171875 0.4484375 0.0796875 0.05625
1 0.28359375 0.53203125 0.0875 0.0578125
0 0.2296875 0.38515625 0.0765625 0.0609375
0 0.225 0.4296875 0.0671875 0.04375
0 0.26015625 0.50390625 0.1 0.03125
0 0.46015625 0.55625 0.090625 0.1078125
0 0.696875 0.56875 0.065625 0.103125
0 0.5828125 0.6828125 0.1375 0.1390625
3 0.56640625 0.54453125 0.0546875 0.1390625
2 0.26875 0.56796875 0.0671875 0.0765625
2 0.71953125 0.4625 0.1125 0.134375