4 0.2296875 0.8671875 0.134375 0.265625
4 0.31171875 0.8296875 0.2171875 0.340625
6 0.4765625 0.58828125 0.3078125 0.3890625
2 0.7375 0.37812500000000004 0.2 0.1828125
4 0.546875 0.29140625 0.4390625 0.2125
4 0.5109375 0.15312499999999996 0.3 0.2
3 0.44609375 0.14375000000000004 0.203125 0.2671875
1 0.4390625 0.0703125 0.0703125 0.13125
1 0.25390625 0.32578125 0.065625 0.1875
1 0.203125 0.15390625000000002 0.0859375 0.1546875
1 0.18125 0.11562499999999998 0.046875 0.1125
1 0.1125 0.2109375 0.0453125 0.1359375
0 0.284375 0.06874999999999998 0.065625 0.1375
0 0.2 0.37812500000000004 0.0640625 0.2390625
