6 0.58359375 0.546875 0.178125 0.31875
2 0.54296875 0.79921875 0.2078125 0.15625
4 0.74296875 0.709375 0.39453125 0.3625
4 0.87265625 0.74921875 0.2546875 0.2765625
4 0.5359375 0.34765625 0.3640625 0.0734375
4 0.5203125 0.24609375 0.26875 0.23359375
4 0.33046875 0.04296875 0.09375 0.0859375
0 0.3875 0.084375 0.09765625 0.08359375
0 0.34921875 0.12890625 0.17421875 0.03828125
0 0.925 0.41953125 0.14921875 0.08359375
1 0.946875 0.48203125 0.10546875 0.0953125
3 0.91796875 0.73515625 0.1640625 0.19765625
1 0.98828125 0.7375 0.0234375 0.06875