4 0.0609375 0.175 0.121875 0.32890625
4 0.853125 0.15390625 0.140625 0.3078125
6 0.521875 0.0984375 0.45390625 0.1578125
4 0.19453125 0.18828125 0.3296875 0.3765625
5 0.78828125 0.5609375 0.42265625 0.17734375
5 0.63984375 0.01796875 0.2859375 0.0359375
2 0.26171875 0.66796875 0.19140625 0.221875
1 0.21640625 0.43359375 0.2671875 0.08125
1 0.5234375 0.40625 0.1359375 0.15625
1 0.59140625 0.6359375 0.246875 0.1390625
1 0.82265625 0.4546875 0.18671875 0.07421875
1 0.971875 0.353125 0.05625 0.12734375
1 0.62109375 0.26875 0.17734375 0.075
1 0.74765625 0.2484375 0.06875 0.14921875