2 0.24609375 0.28046875 0.1609375 0.265625
1 0.32499999999999996 0.03828125 0.075 0.0765625
0 0.050000000000000044 0.07578125 0.1 0.1515625
0 0.04062500000000002 0.2265625 0.08125 0.10625
4 0.4703125 0.51953125 0.2921875 0.1375
4 0.721875 0.3890625 0.2171875 0.1078125
4 0.740625 0.6453125 0.215625 0.10625
4 0.684375 0.509375 0.1546875 0.071875
4 0.52421875 0.2328125 0.09375 0.3328125
3 0.6484375 0.27109375 0.078125 0.1296875
2 0.5875 0.14609375 0.071875 0.1015625
2 0.528125 0.03828125 0.06875 0.0765625
6 0.73515625 0.5375 0.190625 0.08125
