4 0.2875 0.1453125 0.190625 0.290625
4 0.578125 0.12421875 0.146875 0.2484375
4 0.940625 0.196875 0.11875 0.39375
2 0.12421875 0.56328125 0.15234375 0.27109375
1 0.278125 0.45234375 0.08984375 0.18125
1 0.4578125 0.3828125 0.17421875 0.128125
1 0.6984375 0.39765625 0.08984375 0.2140625
1 0.96171875 0.51796875 0.0765625 0.23828125
2 0.6328125 0.30234375 0.11875 0.253125
0 0.7984375 0.384375 0.18515625 0.27265625
0 0.33984375 0.7640625 0.0859375 0.4453125
4 0.68984375 0.78515625 0.2328125 0.29140625
6 0.9765625 0.73125 0.046875 0.290625
3 0.040625 0.9421875 0.08046875 0.115625