0 0.859375 0.25078125 0.2734375 0.2484375
0 0.08125 0.34609375 0.0953125 0.2671875
0 0.21484375 0.61015625 0.1375 0.1828125
0 0.3296875 0.59765625 0.0421875 0.2
0 0.4109375 0.59921875 0.159375 0.1796875
0 0.5265625 0.7546875 0.1609375 0.140625
0 0.74140625 0.7390625 0.16875 0.1921875
4 0.25625 0.87265625 0.146875 0.2546875
3 0.225 0.3125 0.1546875 0.2796875
1 0.390625 0.73828125 0.0765625 0.0453125
1 0.265625 0.5453125 0.0859375 0.1375
1 0.58828125 0.4578125 0.1140625 0.159375
1 0.58125 0.65390625 0.125 0.1359375
1 0.69375 0.56875 0.090625 0.1578125
1 0.76796875 0.5359375 0.134375 0.15
1 0.67578125 0.38046875 0.159375 0.14375
2 0.40390625 0.53828125 0.1140625 0.1640625