1 0.80078125 0.15546875 0.071875 0.1296875
1 0.5875 0.4171875 0.0890625 0.1015625
1 0.621875 0.66015625 0.0890625 0.053125
1 0.753125 0.55078125 0.0359375 0.1140625
0 0.8921875 0.47265625 0.0625 0.1875
0 0.81484375 0.546875 0.0828125 0.1578125
0 0.921875 0.47265625 0.0359375 0.10625
1 0.78046875 0.3515625 0.0640625 0.0484375
2 0.76015625 0.3671875 0.1375 0.1734375
0 0.5828125 0.3234375 0.1328125 0.08125
3 0.46875 0.5875 0.1765625 0.1125
2 0.37265625 0.72578125 0.090625 0.1640625
4 0.303125 0.2609375 0.1296875 0.1609375
6 0.10078125000000004 0.3515625 0.1625 0.25
4 0.09140625000000002 0.0640625 0.159375 0.128125
4 0.596875 0.9125 0.1375 0.175
4 0.47734374999999996 0.928125 0.1171875 0.14375
2 0.66484375 0.825 0.0796875 0.115625
4 0.8203125 0.6546875 0.2140625 0.1265625
