4 0.32109375 0.1484375 0.26796875 0.296875
4 0.90234375 0.528125 0.1703125 0.28203125
4 0.303125 0.78359375 0.275 0.18671875
2 0.20703125 0.2359375 0.18203125 0.23671875
2 0.64765625 0.3921875 0.146875 0.13828125
2 0.7265625 0.953125 0.18359375 0.09296875
1 0.6015625 0.9703125 0.084375 0.059375
1 0.71015625 0.740625 0.125 0.20859375
1 0.69296875 0.53046875 0.11640625 0.103125
1 0.2921875 0.59453125 0.0984375 0.16640625
1 0.2078125 0.60234375 0.078125 0.1296875
3 0.415625 0.3828125 0.1984375 0.1984375
0 0.36640625 0.190625 0.1484375 0.18203125
0 0.60859375 0.22734375 0.21171875 0.14140625
0 0.509375 0.55546875 0.21328125 0.096875
4 0.90859375 0.92578125 0.1828125 0.1484375