4 0.2578125 0.36796875 0.1328125 0.1921875
4 0.44062500000000004 0.10625 0.140625 0.2109375
4 0.46015625000000004 0.05703125 0.221875 0.1140625
4 0.690625 0.11171875 0.2484375 0.2234375
4 0.47265625 0.259375 0.075 0.3375
3 0.19374999999999998 0.08828125 0.115625 0.1765625
2 0.26796875 0.2 0.059375 0.15625
2 0.36015624999999996 0.428125 0.1015625 0.1265625
6 0.55234375 0.271875 0.103125 0.2890625
2 0.61953125 0.35546875 0.0625 0.184375
1 0.746875 0.4203125 0.059375 0.065625
1 0.48046875 0.73359375 0.1 0.0765625
1 0.40703124999999996 0.62734375 0.0859375 0.109375
1 0.45546875 0.5265625 0.0515625 0.11875
1 0.52734375 0.465625 0.0640625 0.0453125
1 0.53125 0.65625 0.0421875 0.146875
0 0.75 0.4890625 0.0703125 0.0625
0 0.71484375 0.5 0.0640625 0.1328125
0 0.7203125 0.58203125 0.0640625 0.1296875
0 0.6921875 0.57890625 0.0609375 0.1859375
0 0.68359375 0.67265625 0.0953125 0.1046875
0 0.71328125 0.725 0.0953125 0.0515625
