4 0.678125 0.1953125 0.4828125 0.2109375
4 0.50234375 0.03984375 0.2203125 0.078125
6 0.91640625 0.22578125 0.1671875 0.125
4 0.959375 0.33984375 0.08125 0.0625
3 0.7375 0.3390625 0.1109375 0.1921875
1 0.57109375 0.48671875 0.115625 0.1453125
2 0.23046875 0.3578125 0.2203125 0.2109375
1 0.80234375 0.52890625 0.09375 0.0921875
0 0.85546875 0.5671875 0.096875 0.1453125
1 0.87109375 0.86953125 0.0828125 0.0859375
1 0.5578125 0.7890625 0.165625 0.0765625
2 0.64296875 0.85 0.2125 0.271875
0 0.50859375 0.88125 0.240625 0.0859375
1 0.675 0.96328125 0.0625 0.0734375
4 0.4140625 0.91953125 0.378125 0.1609375
