0 0.190625 0.3515625 0.09296875 0.1515625
0 0.271875 0.37421875000000004 0.19921875 0.165625
0 0.37734375 0.49296874999999996 0.0546875 0.128125
0 0.9 0.55390625 0.16328125 0.0734375
1 0.5125 0.38828125 0.11796875 0.0375
1 0.8828125 0.31484375 0.16875 0.04765625
1 0.471875 0.54140625 0.12265625 0.05625
1 0.56484375 0.64375 0.1015625 0.0453125
1 0.821875 0.5828125 0.12890625 0.04140625
2 0.3734375 0.68828125 0.078125 0.06171875
2 0.76953125 0.7359375 0.10234375 0.0453125
3 0.765625 0.6703125 0.1375 0.06640625
2 0.6640625 0.45859375 0.2546875 0.1171875
4 0.24296875 0.546875 0.44609375 0.184375
4 0.49296875 0.79453125 0.05859375 0.16484375
4 0.58359375 0.8578125 0.0765625 0.22578125
