0 0.88984375 0.58203125 0.1515625 0.109375
0 0.8921875 0.59765625 0.1546875 0.11875
0 0.81640625 0.62421875 0.22890625 0.10234375
0 0.690625 0.59921875 0.12421875 0.07890625
0 0.79296875 0.55390625 0.11640625 0.1
1 0.84140625 0.4671875 0.04765625 0.1265625
1 0.77578125 0.4875 0.0671875 0.02109375
2 0.7015625 0.4765625 0.0796875 0.0609375
2 0.6828125 0.49140625 0.09375 0.07421875
2 0.51015625 0.4515625 0.07734375 0.05859375
4 0.5984375 0.43515625 0.1203125 0.42265625
4 0.67734375 0.3015625 0.08203125 0.30234375
4 0.5765625 0.2484375 0.0921875 0.36328125
4 0.4125 0.2796875 0.0875 0.42578125
4 0.321875 0.27734375 0.09296875 0.52890625
