4 0.5828125 0.53984375 0.37890625 0.146875
4 0.40625 0.63359375 0.4453125 0.13046875
4 0.3984375 0.365625 0.12578125 0.1359375
3 0.63125 0.45390624999999996 0.26796875 0.0765625
2 0.58359375 0.31171875000000004 0.15390625 0.10625
2 0.5578125 0.746875 0.20078125 0.103125
1 0.71015625 0.7984375 0.09296875 0.03828125
1 0.37265625 0.71328125 0.11484375 0.03125
1 0.6859375 0.59453125 0.12109375 0.05625
1 0.38828125 0.54453125 0.115625 0.065625
0 0.325 0.7609375 0.090625 0.0875
0 0.31796875 0.846875 0.175 0.05546875
0 0.26953125 0.85859375 0.12890625 0.059375
0 0.76328125 0.6171875 0.165625 0.09453125
2 0.34921875 0.5296875 0.13515625 0.075
1 0.5671875 0.7671875 0.071875 0.05
