6 0.58515625 0.72890625 0.4390625 0.1546875
4 0.85546875 0.81328125 0.2890625 0.10625
4 0.853125 0.89296875 0.29375 0.128125
1 0.55625 0.425 0.0984375 0.103125
1 0.5171875 0.57890625 0.075 0.121875
1 0.871875 0.5765625 0.071875 0.05625
1 0.89453125 0.61171875 0.0734375 0.05
1 0.90078125 0.67421875 0.053125 0.0953125
1 0.86875 0.7109375 0.0390625 0.090625
0 0.88671875 0.58671875 0.1 0.0890625
0 0.36328125 0.39609375 0.2546875 0.0515625
0 0.3734375 0.5484375 0.2046875 0.1453125
0 0.275 0.71171875 0.1671875 0.23125
3 0.8265625 0.7171875 0.0875 0.1296875
2 0.62734375 0.55390625 0.1828125 0.203125
