1 0.3671875 0.28046875 0.18203125 0.10625
1 0.55390625 0.27890625 0.1078125 0.11484375
1 0.61484375 0.27734375 0.07734375 0.084375
1 0.51640625 0.55859375 0.14921875 0.1046875
0 0.63515625 0.42265625 0.21015625 0.15625
0 0.3453125 0.20390625 0.271875 0.07890625
0 0.95546875 0.5171875 0.0890625 0.153125
1 0.571875 0.184375 0.12421875 0.07578125
3 0.45234375 0.5203125 0.25703125 0.24453125
4 0.309375 0.5703125 0.25390625 0.31328125
4 0.17109375 0.5609375 0.34140625 0.4390625
2 0.7984375 0.78125 0.21015625 0.11875
0 0.92890625 0.7640625 0.1421875 0.2375
2 0.92890625 0.3578125 0.1421875 0.18359375