2 0.9390625 0.0984375 0.121875 0.075
0 0.82265625 0.1578125 0.09375 0.0578125
0 0.8921875 0.03671875 0.134375 0.0453125
1 0.8515625 0.0625 0.0640625 0.0515625
1 0.6734375 0.06484375 0.0921875 0.040625
0 0.58125 0.55703125 0.09375 0.0828125
0 0.35468750000000004 0.48046875 0.078125 0.0484375
1 0.56875 0.3984375 0.0765625 0.046875
4 0.44375 0.45234375 0.228125 0.4328125
4 0.48750000000000004 0.18984375 0.146875 0.353125
4 0.56328125 0.1578125 0.075 0.253125
4 0.54375 0.03203125 0.06875 0.0640625
4 0.41718750000000004 0.03046875 0.0625 0.0609375
6 0.36328125 0.12890625 0.153125 0.2484375
3 0.6234375 0.10859375 0.0640625 0.0375
1 0.75390625 0.13828125 0.08125 0.0484375
2 0.63359375 0.01875 0.090625 0.0375
4 0.83359375 0.021875 0.2046875 0.04375
