4 0.08046875 0.10234375 0.1609375 0.1671875
4 0.12734375 0.20546875 0.2546875 0.2703125
6 0.34375 0.41015625 0.484375 0.38359375
2 0.6046875 0.73515625 0.22734375 0.24921875
4 0.71328125 0.4984375 0.26484375 0.546875
4 0.88046875 0.453125 0.2390625 0.3734375
3 0.86484375 0.371875 0.2703125 0.253125
1 0.953125 0.3625 0.09375 0.0875
1 0.6703125 0.13359375 0.23359375 0.08203125
1 0.884375 0.0703125 0.19296875 0.10703125
1 0.93046875 0.0421875 0.1390625 0.059375
0 0.95234375 0.17109375 0.0953125 0.08203125
0 0.6046875 0.06640625 0.29765625 0.0796875