1 0.56484375 0.73125 0.209375 0.07109375
1 0.14140625 0.68359375 0.1078125 0.11796875
1 0.1296875 0.475 0.1203125 0.07265625
1 0.27109375 0.2984375 0.14375 0.08984375
1 0.57578125 0.33984375 0.18046875 0.0859375
2 0.07421875 0.2515625 0.13671875 0.103125
0 0.059375 0.5109375 0.11796875 0.09296875
2 0.2015625 0.54140625 0.30546875 0.19765625
0 0.66953125 0.37578125 0.23125 0.13828125
3 0.5328125 0.20546875 0.20078125 0.1296875
4 0.221875 0.10859375 0.2 0.2171875
4 0.26875 0.06328125 0.15859375 0.1265625
2 0.559375 0.090625 0.1671875 0.0671875
6 0.81875 0.06171875 0.13671875 0.1234375