3 0.81640625 0.08046875 0.134375 0.090625
3 0.6734375 0.38515625 0.125 0.1515625
0 0.34765625 0.5109375 0.159375 0.1359375
0 0.48984375 0.2515625 0.184375 0.046875
0 0.684375 0.26875 0.1328125 0.06875
0 0.65234375 0.746875 0.1296875 0.1390625
0 0.50078125 0.3671875 0.1734375 0.071875
0 0.49453125 0.44140625 0.159375 0.090625
4 0.8890625 0.3359375 0.0875 0.2171875
4 0.365625 0.18828125 0.23125 0.1578125
1 0.3578125 0.36953125 0.04375 0.0953125
1 0.55 0.33515625 0.0921875 0.0296875
1 0.43984375 0.57421875 0.11875 0.08125
1 0.58203125 0.596875 0.1046875 0.0625
1 0.61171875 0.66015625 0.0734375 0.0875
1 0.49765625 0.6625 0.103125 0.065625
1 0.51875 0.715625 0.1015625 0.0875
0 0.3609375 0.6953125 0.203125 0.1390625
2 0.55859375 0.46015625 0.115625 0.0625
