1 0.18281250000000004 0.07421875 0.14375 0.0796875
1 0.515625 0.28359375 0.18125 0.0921875
1 0.31875 0.55859375 0.2203125 0.0953125
1 0.03671875000000002 0.36875 0.0734375 0.090625
1 0.11328125 0.18515625 0.1546875 0.059375
0 0.53046875 0.215625 0.25625 0.059375
3 0.70234375 0.4671875 0.2890625 0.175
2 0.13906249999999998 0.22421875 0.278125 0.1359375
4 0.21718749999999998 0.45390625 0.434375 0.465625
4 0.51953125 0.396875 0.50625 0.2421875
2 0.32734375000000004 0.6 0.2140625 0.1171875
2 0.8859375 0.56953125 0.1546875 0.1296875
4 0.8296875 0.69375 0.31875 0.1765625
