2 0.54375 0.421875 0.1578125 0.2578125
2 0.44140625 0.57421875 0.06875 0.128125
2 0.77734375 0.91171875 0.1 0.0703125
4 0.378125 0.8203125 0.159375 0.2875
4 0.0671875 0.85390625 0.134375 0.2859375
6 0.75 0.421875 0.1453125 0.3
3 0.3390625 0.44062500000000004 0.2015625 0.1390625
3 0.64921875 0.83671875 0.1 0.1671875
0 0.60546875 0.71640625 0.1484375 0.09375
0 0.81015625 0.68359375 0.1765625 0.0421875
0 0.821875 0.8078125 0.1609375 0.0765625
0 0.8515625 0.90546875 0.1421875 0.0828125
1 0.7625 0.7796875 0.0953125 0.0359375
1 0.88984375 0.96640625 0.09375 0.053125
1 0.77109375 0.990625 0.090625 0.01875
1 0.94453125 0.79765625 0.046875 0.0953125
0 0.95078125 0.90390625 0.0984375 0.090625
