1 0.6828125 0.47578125000000004 0.065625 0.19375
1 0.63828125 0.86796875 0.109375 0.1
1 0.4453125 0.878125 0.0671875 0.1109375
1 0.28203125 0.74765625 0.0828125 0.1328125
1 0.3203125 0.46562499999999996 0.0796875 0.1671875
2 0.2390625 0.9296875 0.0953125 0.1265625
0 0.47890625 0.94453125 0.0859375 0.1109375
2 0.50703125 0.81171875 0.1828125 0.2828125
0 0.35390625 0.37890625 0.128125 0.2140625
3 0.19609375 0.50546875 0.1203125 0.1859375
4 0.10390625 0.7921875 0.2078125 0.184375
4 0.06171875 0.75 0.1234375 0.146875
2 0.08984375 0.48124999999999996 0.0625 0.1546875
6 0.06015625 0.24140625000000004 0.1203125 0.1265625
4 0.09140625 0.04140624999999998 0.1828125 0.0828125
