0 0.10703125 0.6 0.1734375 0.125
0 0.1046875 0.6171875 0.1765625 0.13515625
0 0.190625 0.64765625 0.2609375 0.1171875
0 0.33515625 0.61875 0.14140625 0.08984375
0 0.21875 0.5671875 0.1328125 0.1140625
1 0.16328125 0.46875 0.05390625 0.14453125
1 0.2375 0.4921875 0.0765625 0.02421875
2 0.32265625 0.4796875 0.090625 0.06953125
2 0.34375 0.49609375 0.10625 0.08515625
2 0.54140625 0.45078125 0.08828125 0.0671875
4 0.43984375 0.43203125 0.1375 0.48125
4 0.35 0.2796875 0.09375 0.34453125
4 0.465625 0.21953125 0.1046875 0.4140625
4 0.65234375 0.25546875 0.1 0.48515625
4 0.75546875 0.2765625 0.10625 0.553125