4 0.19140625 0.7 0.3828125 0.1625
4 0.1734375 0.45078125 0.346875 0.125
4 0.259375 0.09687500000000004 0.421875 0.19375
2 0.61484375 0.8390625 0.23125 0.1296875
1 0.5203125 0.7078125 0.1546875 0.0765625
1 0.4609375 0.5546875 0.109375 0.1484375
1 0.4734375 0.34921875 0.1828125 0.0765625
1 0.5765625 0.11640625000000004 0.203125 0.0828125
2 0.3921875 0.40546875000000004 0.215625 0.1015625
0 0.4625 0.2640625 0.2328125 0.1578125
0 0.7859375 0.65546875 0.3796875 0.0734375
0 0.70859375 0.96640625 0.3296875 0.0671875
4 0.80390625 0.35703125 0.2484375 0.1984375
6 0.759375 0.06562500000000004 0.2484375 0.13125
3 0.94453125 0.92421875 0.1109375 0.0953125
