1 0.0359375 0.5265625 0.071875 0.1
1 0.08046875 0.26875 0.0828125 0.07421875
1 0.43984375 0.1296875 0.09296875 0.065625
1 0.4046875 0.1984375 0.09296875 0.05390625
1 0.4078125 0.40390625 0.08984375 0.13671875
0 0.08671875 0.2015625 0.103125 0.0578125
2 0.025 0.56875 0.05 0.16875
4 0.0484375 0.3796875 0.09609375 0.23984375
0 0.55078125 0.4015625 0.1875 0.16875
0 0.76953125 0.33515625 0.13203125 0.17734375
0 0.84375 0.365625 0.04765625 0.209375
2 0.40625 0.23828125 0.23984375 0.13828125
4 0.13125 0.45625 0.209375 0.5609375