5 0.2734375 0.2328125 0.403125 0.36015625
5 0.55078125 0.60546875 0.3328125 0.24765625
2 0.22890624999999998 0.4265625 0.2421875 0.1734375
3 0.490625 0.24609375 0.14375 0.28359375
3 0.79140625 0.5546875 0.13828125 0.22109375
6 0.8296875 0.2515625 0.340625 0.13125
1 0.7265625 0.346875 0.12109375 0.11015625
1 0.64140625 0.35390625 0.11484375 0.13359375
1 0.5265625 0.41171875 0.18125 0.05390625
1 0.65703125 0.51015625 0.16015625 0.06875
1 0.26171875 0.6328125 0.0828125 0.14296875
1 0.33984375 0.76171875 0.1921875 0.11796875
1 0.5265625 0.825 0.11328125 0.16171875
4 0.75390625 0.73671875 0.11015625 0.34453125
