4 0.6 0.69296875 0.10703125 0.2140625
4 0.71328125 0.1640625 0.28515625 0.284375
1 0.4765625 0.46484375 0.10078125 0.10546875
1 0.2328125 0.33984375 0.11484375 0.06796875
1 0.29453125 0.01796875 0.08984375 0.0359375
1 0.54296875 0.2328125 0.0875 0.071875
0 0.178125 0.2859375 0.16953125 0.11640625
0 0.640625 0.0453125 0.14765625 0.090625
0 0.6828125 0.0453125 0.09765625 0.090625
0 0.6 0.14609375 0.04140625 0.12109375
2 0.171875 0.82890625 0.14921875 0.15390625
2 0.70625 0.55546875 0.0953125 0.15390625
2 0.39765625 0.134375 0.17578125 0.1390625
1 0.3859375 0.1 0.06953125 0.05859375
3 0.2234375 0.58671875 0.20078125 0.246875